2 24
1 26
1 27
3 28
1 30
3 31
3 32
1 33
4 34
897 35
1625 36
1841 37
2529 38
7106 39
14596 40
10929 41
5623 42
6000 43
8164 44
10385 45
10872 46
9260 47
8733 48
11574 49
21444 50
21349 51
12331 52
10114 53
11015 54
12028 55
12173 56
11167 57
10413 58
10302 59
11996 60
14235 61
12335 62
11176 63
11215 64
11782 65
11935 66
10951 67
10099 68
9872 69
10306 70
10238 71
10516 72
10198 73
9941 74
13063 75
17554 76
9518 77
9185 78
9053 79
9195 80
8957 81
9467 82
9258 83
9054 84
8924 85
8324 86
8144 87
8038 88
7416 89
7665 90
7403 91
7868 92
7964 93
7674 94
7930 95
7235 96
7209 97
6987 98
6669 99
6431 100
6110 101
6719 102
6615 103
6532 104
6805 105
6609 106
6600 107
6204 108
6013 109
5825 110
5775 111
5660 112
5660 113
5835 114
5996 115
5866 116
5928 117
5580 118
5391 119
5002 120
5248 121
4917 122
4960 123
5357 124
5473 125
5419 126
5224 127
4996 128
4903 129
4490 130
4457 131
4470 132
4477 133
4410 134
4654 135
4899 136
5410 137
5625 138
5490 139
4759 140
4261 141
4343 142
4062 143
4156 144
4107 145
4375 146
4707 147
4891 148
4707 149
4965 150
5362 151
4955 152
4605 153
4179 154
4019 155
4294 156
4100 157
4362 158
4744 159
4516 160
4493 161
4143 162
3951 163
3946 164
4223 165
4450 166
4590 167
4775 168
4938 169
4645 170
4595 171
4164 172
4086 173
4159 174
4393 175
4649 176
4777 177
4852 178
4692 179
4744 180
4577 181
4334 182
4023 183
3952 184
4257 185
4643 186
4526 187
4547 188
4531 189
4206 190
4148 191
4156 192
4144 193
4123 194
4383 195
4532 196
4431 197
4432 198
4080 199
4436 200
4045 201
4103 202
4079 203
4000 204
4354 205
4154 206
4231 207
4309 208
3898 209
4174 210
3830 211
3954 212
3808 213
3943 214
3802 215
3598 216
3567 217
3663 218
3658 219
3586 220
3346 221
3466 222
3465 223
3455 224
3411 225
3279 226
3228 227
3053 228
3119 229
2970 230
2959 231
3016 232
2913 233
2840 234
2954 235
2836 236
2662 237
2598 238
2573 239
2620 240
2525 241
2414 242
2553 243
2491 244
2351 245
2299 246
2219 247
2275 248
2126 249
2321 250
2126 251
2150 252
2130 253
2088 254
2111 255
1992 256
1928 257
1969 258
1923 259
1893 260
1815 261
1874 262
1864 263
1844 264
1737 265
1725 266
1654 267
1826 268
1571 269
1583 270
1648 271
1554 272
1563 273
1460 274
1488 275
1577 276
1436 277
1537 278
1415 279
1416 280
1509 281
1384 282
1449 283
1437 284
1434 285
1338 286
1353 287
1325 288
1285 289
1300 290
1279 291
1315 292
1244 293
1241 294
1149 295
1224 296
1161 297
1139 298
1145 299
1175 300
1203 301
1177 302
1151 303
1121 304
1141 305
1096 306
1028 307
1143 308
1144 309
1171 310
1110 311
1092 312
1234 313
1077 314
1070 315
1081 316
1005 317
1037 318
971 319
1012 320
1045 321
1069 322
1127 323
1024 324
1067 325
962 326
1008 327
974 328
956 329
1042 330
962 331
1001 332
969 333
854 334
976 335
938 336
942 337
881 338
915 339
926 340
892 341
920 342
894 343
865 344
829 345
924 346
852 347
872 348
861 349
880 350
833 351
821 352
762 353
777 354
812 355
748 356
790 357
831 358
780 359
748 360
720 361
736 362
749 363
778 364
708 365
752 366
730 367
695 368
670 369
721 370
693 371
736 372
658 373
627 374
674 375
641 376
662 377
651 378
596 379
608 380
645 381
561 382
557 383
567 384
568 385
521 386
520 387
540 388
614 389
497 390
510 391
528 392
500 393
498 394
496 395
523 396
466 397
450 398
430 399
434 400
457 401
451 402
402 403
392 404
428 405
433 406
396 407
420 408
407 409
399 410
399 411
362 412
353 413
369 414
357 415
335 416
308 417
340 418
340 419
335 420
338 421
350 422
339 423
320 424
291 425
306 426
299 427
315 428
308 429
277 430
284 431
270 432
277 433
278 434
250 435
260 436
268 437
277 438
259 439
300 440
254 441
254 442
267 443
261 444
233 445
269 446
240 447
203 448
221 449
223 450
236 451
220 452
236 453
208 454
216 455
200 456
215 457
197 458
212 459
191 460
180 461
185 462
195 463
170 464
186 465
175 466
183 467
161 468
168 469
171 470
165 471
151 472
178 473
140 474
181 475
158 476
176 477
164 478
151 479
154 480
154 481
128 482
156 483
161 484
140 485
122 486
143 487
156 488
167 489
147 490
131 491
130 492
144 493
134 494
151 495
125 496
161 497
155 498
125 499
133 500
13 501
4 502
5 503
1 504
4 505
2 506
1 509
1 510
1 512
2 513
1 515
1 516
2 518
1 520
1 524
2 525
1 533
1 536
