2 24
1 25
4 26
7 27
2 28
6 29
10 30
6 31
14 32
8 33
15 34
2704 35
5478 36
7126 37
10254 38
38625 39
89455 40
50073 41
14071 42
9950 43
11061 44
13412 45
14999 46
14629 47
15707 48
23259 49
60217 50
56524 51
22027 52
11745 53
11024 54
11532 55
12502 56
13003 57
13960 58
15061 59
18877 60
23854 61
17708 62
12263 63
10432 64
10463 65
10966 66
11729 67
12900 68
13390 69
13979 70
13999 71
13587 72
11371 73
9816 74
14703 75
21276 76
10326 77
11413 78
11687 79
12003 80
11277 81
11661 82
10446 83
9573 84
9354 85
8586 86
8871 87
8915 88
9093 89
9394 90
9207 91
9342 92
9029 93
8213 94
8090 95
7543 96
7650 97
7612 98
7465 99
7610 100
7431 101
7740 102
7473 103
7006 104
7256 105
6679 106
6812 107
6510 108
6646 109
6880 110
6594 111
6586 112
6398 113
6093 114
6025 115
6093 116
6146 117
5699 118
5818 119
5521 120
5868 121
5549 122
5427 123
5584 124
5375 125
5482 126
5280 127
5200 128
5094 129
4865 130
5083 131
4920 132
4937 133
4820 134
4711 135
4735 136
5045 137
5095 138
5270 139
5011 140
5069 141
5023 142
4543 143
4562 144
4202 145
4221 146
4331 147
4281 148
4495 149
5098 150
6635 151
6522 152
5780 153
4435 154
4075 155
4278 156
4129 157
4100 158
4363 159
4312 160
4453 161
4138 162
4247 163
4533 164
4671 165
4775 166
4537 167
4473 168
4956 169
4937 170
5080 171
4522 172
4376 173
4745 174
4872 175
4938 176
5077 177
4774 178
4649 179
4884 180
4840 181
4705 182
4402 183
4503 184
4851 185
5139 186
4928 187
4589 188
4452 189
4480 190
4527 191
4616 192
4914 193
5256 194
5512 195
5494 196
5301 197
5072 198
4741 199
4958 200
4989 201
5109 202
5351 203
5212 204
5651 205
5202 206
5318 207
5371 208
4677 209
5108 210
4827 211
5556 212
5264 213
5232 214
5288 215
4753 216
4577 217
4761 218
4616 219
4570 220
4601 221
4790 222
4918 223
5033 224
4708 225
4304 226
4119 227
3930 228
3980 229
3844 230
3869 231
4069 232
4237 233
3913 234
4027 235
3667 236
3442 237
3469 238
3333 239
3301 240
3268 241
3275 242
3368 243
3404 244
3417 245
3013 246
3084 247
2813 248
2831 249
2838 250
2810 251
2728 252
2852 253
2688 254
2796 255
2541 256
2618 257
2476 258
2548 259
2490 260
2337 261
2317 262
2502 263
2303 264
2365 265
2329 266
2199 267
2228 268
2000 269
2115 270
2015 271
2001 272
2140 273
1936 274
2049 275
2124 276
2012 277
1972 278
1882 279
1777 280
1805 281
1917 282
1833 283
1960 284
1810 285
1881 286
1802 287
1701 288
1693 289
1728 290
1760 291
1698 292
1617 293
1715 294
1525 295
1703 296
1603 297
1527 298
1654 299
1666 300
1685 301
1643 302
1661 303
1521 304
1591 305
1516 306
1552 307
1581 308
1641 309
1644 310
1557 311
1578 312
1714 313
1564 314
1621 315
1482 316
1481 317
1477 318
1427 319
1631 320
1527 321
1553 322
1661 323
1436 324
1634 325
1377 326
1563 327
1432 328
1494 329
1584 330
1549 331
1528 332
1506 333
1505 334
1586 335
1568 336
1520 337
1601 338
1502 339
1531 340
1491 341
1478 342
1481 343
1486 344
1456 345
1629 346
1591 347
1552 348
1631 349
1487 350
1607 351
1370 352
1395 353
1396 354
1528 355
1477 356
1436 357
1425 358
1477 359
1462 360
1452 361
1455 362
1373 363
1474 364
1312 365
1365 366
1296 367
1306 368
1376 369
1322 370
1340 371
1367 372
1232 373
1180 374
1170 375
1216 376
1168 377
1197 378
1211 379
1198 380
1145 381
1146 382
1046 383
1109 384
1106 385
1029 386
1049 387
1045 388
1040 389
967 390
1038 391
939 392
995 393
905 394
986 395
909 396
945 397
839 398
897 399
891 400
909 401
804 402
892 403
798 404
801 405
818 406
754 407
771 408
774 409
737 410
738 411
715 412
804 413
661 414
652 415
676 416
633 417
705 418
646 419
646 420
589 421
613 422
616 423
624 424
559 425
555 426
563 427
588 428
525 429
559 430
552 431
544 432
539 433
511 434
520 435
528 436
505 437
519 438
476 439
520 440
469 441
528 442
453 443
497 444
395 445
464 446
451 447
421 448
446 449
384 450
430 451
438 452
429 453
375 454
423 455
401 456
418 457
376 458
399 459
396 460
397 461
389 462
383 463
351 464
354 465
367 466
343 467
332 468
327 469
343 470
325 471
335 472
312 473
324 474
311 475
320 476
308 477
351 478
325 479
332 480
317 481
319 482
314 483
299 484
304 485
295 486
301 487
290 488
302 489
278 490
297 491
246 492
331 493
285 494
273 495
284 496
285 497
279 498
277 499
273 500
18 501
11 502
2 503
1 505
1 506
2 507
2 508
1 509
1 510
3 511
3 512
1 513
3 514
1 515
2 516
2 517
1 519
3 520
2 521
2 522
3 523
2 524
1 527
2 529
1 530
2 541
