1 24
2 25
1 26
2 28
3 30
2 31
5 32
1 33
5 34
1003 35
1845 36
2050 37
3177 38
16902 39
37661 40
22694 41
5718 42
3268 43
4142 44
5084 45
6058 46
5696 47
6875 48
14920 49
43137 50
44658 51
19829 52
8328 53
7276 54
8407 55
9269 56
9481 57
11119 58
13562 59
21021 60
30995 61
24581 62
14723 63
10334 64
10325 65
11075 66
11512 67
12710 68
13877 69
15879 70
18796 71
19404 72
15149 73
11399 74
15089 75
19888 76
10810 77
11526 78
12074 79
13013 80
13932 81
15921 82
13578 83
11712 84
10398 85
9596 86
9666 87
9595 88
9410 89
9881 90
10093 91
11933 92
11438 93
10475 94
9465 95
8534 96
8409 97
8060 98
8033 99
8047 100
8307 101
8920 102
8663 103
8480 104
8058 105
7396 106
7531 107
7074 108
6953 109
6991 110
7113 111
7388 112
7423 113
6964 114
6972 115
6669 116
6778 117
6430 118
6398 119
5739 120
6085 121
5873 122
5800 123
6336 124
5836 125
6108 126
5745 127
5515 128
5430 129
5028 130
5221 131
5121 132
5225 133
5257 134
5004 135
4990 136
5180 137
4944 138
5154 139
4729 140
4444 141
4507 142
4318 143
4677 144
4489 145
4747 146
4760 147
4481 148
4463 149
4270 150
4454 151
4105 152
4155 153
4049 154
4059 155
4156 156
3892 157
4027 158
4235 159
4011 160
4048 161
3618 162
3584 163
3980 164
4058 165
4267 166
3849 167
4082 168
4719 169
4227 170
4597 171
3651 172
3594 173
3814 174
3857 175
4060 176
4065 177
3873 178
4067 179
4165 180
4044 181
3984 182
3508 183
3614 184
3834 185
4214 186
3952 187
3825 188
3835 189
3693 190
3765 191
3667 192
3810 193
4009 194
4409 195
4324 196
4292 197
4032 198
3706 199
4037 200
3843 201
4071 202
3971 203
3904 204
4561 205
4272 206
4433 207
4437 208
3781 209
4073 210
3747 211
4217 212
4118 213
4118 214
4099 215
3935 216
3877 217
3782 218
3799 219
3779 220
3659 221
3791 222
3911 223
3976 224
3821 225
3686 226
3432 227
3189 228
3465 229
3263 230
3234 231
3463 232
3394 233
3335 234
3281 235
3203 236
2985 237
2996 238
2963 239
2974 240
2939 241
2903 242
3037 243
2966 244
2833 245
2723 246
2617 247
2629 248
2535 249
2588 250
2509 251
2563 252
2554 253
2541 254
2589 255
2303 256
2380 257
2314 258
2230 259
2265 260
2211 261
2224 262
2385 263
2216 264
2105 265
2163 266
2041 267
2183 268
1889 269
2014 270
2041 271
1838 272
2056 273
1850 274
1867 275
1887 276
1907 277
1909 278
1770 279
1678 280
1802 281
1894 282
1742 283
1738 284
1753 285
1818 286
1742 287
1667 288
1664 289
1495 290
1532 291
1635 292
1628 293
1512 294
1581 295
1589 296
1596 297
1561 298
1469 299
1505 300
1485 301
1476 302
1511 303
1349 304
1439 305
1417 306
1423 307
1479 308
1437 309
1450 310
1280 311
1392 312
1519 313
1349 314
1346 315
1425 316
1382 317
1377 318
1315 319
1371 320
1381 321
1358 322
1477 323
1293 324
1367 325
1283 326
1384 327
1347 328
1254 329
1376 330
1276 331
1335 332
1329 333
1175 334
1370 335
1352 336
1333 337
1319 338
1310 339
1243 340
1257 341
1134 342
1263 343
1204 344
1278 345
1369 346
1397 347
1280 348
1312 349
1282 350
1351 351
1193 352
1250 353
1130 354
1243 355
1282 356
1264 357
1196 358
1220 359
1147 360
1200 361
1231 362
1206 363
1183 364
1029 365
1174 366
1112 367
1107 368
1104 369
1156 370
1096 371
1080 372
1068 373
989 374
1057 375
1045 376
1106 377
1037 378
962 379
1034 380
941 381
973 382
988 383
903 384
948 385
981 386
935 387
939 388
839 389
906 390
980 391
840 392
874 393
811 394
918 395
831 396
785 397
802 398
842 399
817 400
830 401
760 402
767 403
741 404
718 405
781 406
688 407
787 408
764 409
664 410
723 411
664 412
719 413
608 414
659 415
650 416
579 417
677 418
621 419
611 420
616 421
550 422
616 423
631 424
614 425
640 426
510 427
603 428
538 429
512 430
543 431
545 432
507 433
542 434
524 435
516 436
567 437
509 438
485 439
519 440
501 441
513 442
526 443
470 444
479 445
432 446
454 447
446 448
441 449
429 450
413 451
386 452
441 453
377 454
385 455
366 456
368 457
385 458
360 459
393 460
392 461
377 462
394 463
359 464
358 465
355 466
388 467
366 468
357 469
359 470
351 471
328 472
333 473
338 474
295 475
319 476
316 477
332 478
313 479
293 480
342 481
304 482
333 483
304 484
322 485
320 486
279 487
293 488
313 489
267 490
283 491
283 492
289 493
278 494
277 495
295 496
271 497
272 498
267 499
277 500
23 501
3 502
4 503
3 504
2 505
3 506
1 507
4 508
1 509
1 510
4 511
1 512
3 513
3 514
3 515
1 518
1 519
1 520
2 521
1 522
2 523
2 524
2 526
1 527
1 532
2 533
1 536
1 538
1 542
