1 26
1 28
3 29
2 30
8 31
2 32
6 33
3 34
623 35
1098 36
1426 37
2138 38
8836 39
30358 40
22619 41
6182 42
4108 43
4665 44
5561 45
6605 46
6348 47
6821 48
11967 49
41305 50
53650 51
24695 52
9949 53
8087 54
8388 55
9213 56
9198 57
8979 58
9829 59
14961 60
25411 61
23187 62
14395 63
9854 64
9176 65
9361 66
9979 67
10164 68
9968 69
11326 70
14236 71
16246 72
14338 73
10888 74
14271 75
17608 76
10386 77
11092 78
10925 79
11225 80
11961 81
14139 82
13041 83
12061 84
11193 85
10299 86
10618 87
10172 88
10057 89
10145 90
10327 91
12152 92
12155 93
11674 94
10905 95
10084 96
10367 97
10063 98
9621 99
9722 100
9699 101
10613 102
10427 103
10166 104
9923 105
9324 106
9894 107
9481 108
9557 109
9420 110
9466 111
9822 112
9564 113
9369 114
9332 115
9740 116
9570 117
9238 118
9101 119
8342 120
9037 121
8493 122
8440 123
9147 124
8509 125
9075 126
8595 127
8340 128
8524 129
7822 130
8094 131
8165 132
7965 133
8170 134
7888 135
7905 136
8104 137
7542 138
8288 139
7761 140
7621 141
7737 142
7300 143
7929 144
7497 145
7626 146
7889 147
7528 148
7619 149
7153 150
7787 151
7496 152
7328 153
6834 154
6763 155
7150 156
6709 157
6653 158
6926 159
6581 160
6894 161
6401 162
6378 163
6537 164
6454 165
7002 166
6333 167
6431 168
6975 169
6487 170
7152 171
5909 172
5947 173
6305 174
6110 175
6164 176
6455 177
6122 178
6231 179
6551 180
6318 181
6205 182
5759 183
5815 184
5818 185
6405 186
6032 187
5725 188
6040 189
5727 190
5763 191
5790 192
5999 193
6212 194
6382 195
6413 196
6258 197
6172 198
5504 199
6068 200
5780 201
6083 202
5724 203
5630 204
6365 205
5931 206
6230 207
6330 208
5552 209
6061 210
5376 211
6111 212
5871 213
5979 214
5917 215
5618 216
5582 217
5673 218
5872 219
5577 220
5393 221
5524 222
5764 223
5806 224
5591 225
5575 226
5535 227
4930 228
5419 229
5009 230
5066 231
5363 232
5240 233
4978 234
5292 235
4966 236
4862 237
4707 238
5106 239
4848 240
5088 241
4555 242
4771 243
5008 244
4652 245
4593 246
4446 247
4511 248
4417 249
4588 250
4415 251
4298 252
4444 253
4283 254
4435 255
4099 256
4297 257
4054 258
4151 259
4166 260
3962 261
4073 262
4363 263
3823 264
3974 265
3946 266
3956 267
3869 268
3621 269
3743 270
3640 271
3720 272
3929 273
3483 274
3584 275
3718 276
3567 277
3692 278
3478 279
3290 280
3391 281
3656 282
3370 283
3849 284
3252 285
3715 286
3394 287
3137 288
3154 289
2962 290
3117 291
3252 292
3157 293
3238 294
2901 295
3057 296
3073 297
2885 298
2744 299
2833 300
2981 301
2874 302
2955 303
2820 304
2871 305
2796 306
2699 307
2893 308
2775 309
2868 310
2745 311
2736 312
3025 313
2581 314
2836 315
2737 316
2516 317
2662 318
2562 319
2566 320
2488 321
2673 322
2666 323
2435 324
2515 325
2303 326
2618 327
2603 328
2497 329
2587 330
2430 331
2407 332
2442 333
2265 334
2457 335
2465 336
2531 337
2422 338
2152 339
2321 340
2288 341
2205 342
2099 343
2160 344
2309 345
2263 346
2297 347
2235 348
2222 349
2095 350
2234 351
2116 352
2114 353
2031 354
2107 355
2173 356
2041 357
2063 358
2059 359
1973 360
2082 361
2061 362
2011 363
1987 364
1861 365
1950 366
1958 367
1902 368
1898 369
1892 370
1963 371
1872 372
1920 373
1741 374
1735 375
1868 376
1794 377
1874 378
1764 379
1744 380
1676 381
1735 382
1717 383
1574 384
1784 385
1615 386
1700 387
1620 388
1628 389
1640 390
1574 391
1534 392
1526 393
1469 394
1557 395
1499 396
1466 397
1367 398
1423 399
1370 400
1429 401
1281 402
1386 403
1315 404
1390 405
1440 406
1269 407
1390 408
1294 409
1229 410
1378 411
1222 412
1400 413
1165 414
1173 415
1227 416
1093 417
1179 418
1144 419
1108 420
1256 421
1108 422
1155 423
1149 424
1045 425
1064 426
1095 427
1090 428
961 429
971 430
985 431
1021 432
1003 433
946 434
944 435
1035 436
947 437
966 438
927 439
990 440
949 441
975 442
1001 443
909 444
889 445
843 446
850 447
913 448
829 449
768 450
889 451
753 452
868 453
803 454
772 455
762 456
748 457
759 458
768 459
712 460
723 461
709 462
761 463
693 464
720 465
641 466
690 467
733 468
683 469
598 470
667 471
653 472
647 473
640 474
607 475
682 476
610 477
731 478
573 479
603 480
608 481
568 482
583 483
521 484
519 485
551 486
569 487
571 488
536 489
521 490
506 491
481 492
558 493
504 494
501 495
496 496
436 497
478 498
467 499
421 500
51 501
12 502
14 503
7 504
6 505
4 506
3 507
2 508
4 509
9 510
3 511
4 512
4 513
6 514
5 515
3 516
2 517
3 518
2 519
6 520
2 521
2 522
3 523
2 524
1 525
2 526
3 527
3 531
2 533
1 534
3 536
1 540
1 541
1 546
1 549
