2 22
2 24
1 26
4 27
5 28
3 29
10 30
4 31
10 32
3 33
9 34
886 35
1523 36
1550 37
2606 38
18448 39
47958 40
29989 41
6462 42
3393 43
3634 44
4467 45
5401 46
5494 47
6489 48
15663 49
57397 50
62736 51
25160 52
8381 53
6478 54
6804 55
7531 56
7757 57
8513 58
10344 59
17972 60
29249 61
23067 62
12226 63
7682 64
7128 65
7458 66
8105 67
8882 68
9642 69
11375 70
14348 71
15436 72
11894 73
8158 74
12716 75
18064 76
7829 77
8515 78
8902 79
9549 80
10297 81
12026 82
10628 83
8608 84
7614 85
6833 86
7113 87
6994 88
7111 89
7559 90
7798 91
8978 92
8738 93
7953 94
7182 95
6245 96
6303 97
6319 98
6334 99
6034 100
6345 101
6799 102
6863 103
6427 104
6114 105
5547 106
5790 107
5495 108
5543 109
5712 110
5604 111
5837 112
5620 113
5556 114
5394 115
5276 116
5156 117
5035 118
5118 119
4826 120
4991 121
4988 122
4830 123
5093 124
4705 125
4950 126
4497 127
4381 128
4485 129
4184 130
4384 131
4227 132
4190 133
4261 134
4208 135
4076 136
4133 137
3853 138
4187 139
3953 140
3869 141
3853 142
3798 143
4075 144
3647 145
3875 146
3910 147
3641 148
3638 149
3577 150
3709 151
3432 152
3410 153
3576 154
3472 155
3582 156
3372 157
3325 158
3457 159
3346 160
3418 161
3120 162
3196 163
3296 164
3308 165
3355 166
3119 167
3339 168
3514 169
3358 170
3688 171
3133 172
3001 173
3257 174
3246 175
3190 176
3221 177
3129 178
3259 179
3396 180
3364 181
3293 182
2976 183
3067 184
3044 185
3382 186
3258 187
3080 188
3060 189
3082 190
3064 191
3019 192
3223 193
3398 194
3597 195
3692 196
3617 197
3360 198
3087 199
3463 200
3267 201
3575 202
3566 203
3456 204
3993 205
3642 206
3780 207
3856 208
3363 209
3685 210
3267 211
3922 212
3758 213
3813 214
3657 215
3430 216
3390 217
3471 218
3449 219
3288 220
3205 221
3419 222
3562 223
3756 224
3549 225
3404 226
3237 227
2915 228
3045 229
2832 230
2898 231
3101 232
3112 233
3101 234
3176 235
2915 236
2820 237
2562 238
2847 239
2469 240
2755 241
2568 242
2690 243
2881 244
2715 245
2493 246
2515 247
2458 248
2257 249
2467 250
2307 251
2294 252
2358 253
2229 254
2307 255
2147 256
2222 257
2056 258
2037 259
2100 260
1995 261
2017 262
2103 263
1952 264
1997 265
2010 266
1984 267
2023 268
1860 269
1873 270
1867 271
1744 272
1845 273
1725 274
1676 275
1898 276
1793 277
1871 278
1640 279
1569 280
1629 281
1650 282
1534 283
1684 284
1516 285
1685 286
1583 287
1398 288
1475 289
1399 290
1429 291
1465 292
1350 293
1441 294
1392 295
1451 296
1402 297
1399 298
1224 299
1323 300
1314 301
1300 302
1355 303
1194 304
1313 305
1230 306
1253 307
1342 308
1308 309
1350 310
1257 311
1214 312
1420 313
1194 314
1260 315
1161 316
1162 317
1182 318
1098 319
1261 320
1148 321
1188 322
1180 323
1095 324
1193 325
1076 326
1157 327
1142 328
1116 329
1200 330
1052 331
1130 332
1087 333
1030 334
1097 335
1159 336
1191 337
1056 338
990 339
1034 340
1059 341
1025 342
1020 343
1072 344
1099 345
1041 346
1104 347
1085 348
1028 349
1057 350
1094 351
962 352
962 353
1038 354
1014 355
1026 356
1054 357
956 358
991 359
944 360
939 361
1010 362
922 363
1035 364
889 365
942 366
897 367
905 368
959 369
944 370
948 371
898 372
896 373
830 374
835 375
843 376
842 377
882 378
770 379
798 380
870 381
808 382
782 383
756 384
794 385
735 386
755 387
742 388
731 389
712 390
710 391
682 392
693 393
697 394
708 395
723 396
624 397
659 398
646 399
620 400
632 401
589 402
604 403
564 404
654 405
600 406
534 407
625 408
571 409
549 410
595 411
459 412
568 413
481 414
506 415
508 416
473 417
493 418
489 419
466 420
454 421
465 422
474 423
511 424
444 425
463 426
364 427
444 428
392 429
411 430
425 431
380 432
387 433
405 434
378 435
351 436
336 437
381 438
350 439
360 440
369 441
359 442
350 443
359 444
341 445
311 446
321 447
307 448
340 449
313 450
280 451
289 452
304 453
279 454
291 455
302 456
294 457
269 458
258 459
261 460
268 461
290 462
266 463
233 464
269 465
239 466
280 467
238 468
239 469
235 470
216 471
212 472
248 473
211 474
197 475
230 476
202 477
245 478
225 479
214 480
215 481
190 482
203 483
188 484
191 485
191 486
192 487
183 488
198 489
158 490
156 491
165 492
169 493
173 494
164 495
166 496
139 497
177 498
151 499
179 500
10 501
12 502
2 503
3 504
3 505
1 506
1 507
2 508
2 509
3 510
1 511
1 513
3 514
3 515
4 517
1 519
1 520
3 521
1 526
2 528
1 531
1 533
1 537
