1 24
1 25
1 26
2 27
3 28
6 30
6 31
3 33
4 34
430 35
707 36
865 37
1354 38
6412 39
20775 40
17482 41
5545 42
4609 43
6175 44
7862 45
9462 46
10055 47
10391 48
16165 49
44157 50
56229 51
29706 52
15569 53
14338 54
15722 55
17459 56
17446 57
17318 58
17698 59
24515 60
36199 61
33391 62
23805 63
18371 64
18260 65
18179 66
19303 67
19252 68
18343 69
19780 70
22911 71
25132 72
22934 73
18947 74
27055 75
35483 76
18930 77
19761 78
18920 79
18686 80
19085 81
22193 82
20655 83
19395 84
19035 85
17416 86
17742 87
16685 88
16442 89
16369 90
16282 91
18318 92
18111 93
17987 94
17216 95
15987 96
16472 97
15960 98
15214 99
14789 100
14735 101
15599 102
15010 103
14958 104
14875 105
14480 106
15094 107
14375 108
14015 109
13836 110
13468 111
13626 112
13343 113
13539 114
13741 115
13830 116
14163 117
13241 118
13248 119
11923 120
12264 121
11920 122
11944 123
12452 124
12083 125
12634 126
12183 127
11703 128
11897 129
10935 130
10850 131
10624 132
10695 133
10681 134
10514 135
10692 136
11282 137
10474 138
11061 139
10498 140
9782 141
10002 142
9827 143
10074 144
9777 145
10276 146
10489 147
10304 148
9860 149
9226 150
9927 151
9207 152
9222 153
8538 154
8544 155
9162 156
8610 157
8978 158
9142 159
8690 160
8979 161
8258 162
8042 163
7987 164
8146 165
8563 166
8056 167
8205 168
9261 169
8286 170
9375 171
7654 172
7267 173
7902 174
7454 175
7581 176
8165 177
7952 178
8175 179
8389 180
8133 181
7937 182
7198 183
6984 184
7098 185
7717 186
7621 187
7334 188
7659 189
7164 190
7509 191
7192 192
7227 193
7450 194
7586 195
7697 196
7506 197
7604 198
6818 199
7857 200
7415 201
7593 202
7053 203
6742 204
7685 205
7062 206
7586 207
7891 208
6695 209
7758 210
6843 211
7607 212
7127 213
7193 214
6898 215
6620 216
6702 217
7030 218
7159 219
6907 220
6597 221
6832 222
6879 223
7032 224
6789 225
6767 226
6490 227
6268 228
6508 229
6189 230
6268 231
6564 232
6359 233
5941 234
6174 235
6002 236
5676 237
5771 238
6049 239
5670 240
6025 241
5613 242
5848 243
5821 244
5561 245
5145 246
5221 247
5230 248
5206 249
5348 250
5281 251
5359 252
5327 253
5179 254
5236 255
4835 256
5002 257
4762 258
4773 259
4955 260
4632 261
4794 262
5170 263
4700 264
4720 265
4634 266
4448 267
4551 268
4284 269
4443 270
4379 271
4256 272
4483 273
3983 274
4324 275
4223 276
4024 277
4384 278
3986 279
3774 280
3930 281
4302 282
3852 283
4279 284
3917 285
4112 286
4004 287
3668 288
3714 289
3428 290
3535 291
3605 292
3586 293
3585 294
3526 295
3640 296
3405 297
3414 298
3214 299
3199 300
3199 301
3353 302
3272 303
3260 304
3265 305
3201 306
3019 307
3268 308
3103 309
3227 310
2941 311
3098 312
3241 313
2969 314
3253 315
2967 316
2841 317
2838 318
2807 319
2838 320
2638 321
2734 322
2826 323
2569 324
2897 325
2669 326
2908 327
2811 328
2533 329
2874 330
2563 331
2694 332
2475 333
2436 334
2685 335
2620 336
2740 337
2447 338
2416 339
2514 340
2500 341
2330 342
2347 343
2330 344
2363 345
2586 346
2434 347
2363 348
2476 349
2348 350
2368 351
2225 352
2236 353
2165 354
2263 355
2232 356
2246 357
2141 358
2125 359
2086 360
2060 361
2180 362
2103 363
2075 364
1982 365
2025 366
1937 367
1934 368
1888 369
2049 370
2058 371
1974 372
1927 373
1793 374
1792 375
1918 376
1837 377
1936 378
1783 379
1717 380
1738 381
1713 382
1700 383
1618 384
1726 385
1674 386
1765 387
1686 388
1671 389
1599 390
1622 391
1575 392
1554 393
1491 394
1631 395
1453 396
1468 397
1476 398
1420 399
1421 400
1424 401
1349 402
1417 403
1253 404
1410 405
1426 406
1221 407
1361 408
1339 409
1221 410
1304 411
1161 412
1308 413
1147 414
1159 415
1214 416
1098 417
1194 418
1202 419
1140 420
1124 421
1046 422
1190 423
1110 424
1074 425
1097 426
1009 427
1083 428
937 429
963 430
1060 431
968 432
1059 433
978 434
873 435
965 436
931 437
969 438
932 439
860 440
928 441
915 442
958 443
852 444
824 445
833 446
855 447
816 448
793 449
745 450
720 451
729 452
867 453
747 454
763 455
683 456
661 457
707 458
693 459
643 460
678 461
691 462
677 463
627 464
621 465
561 466
599 467
602 468
559 469
587 470
565 471
602 472
611 473
576 474
496 475
549 476
572 477
601 478
519 479
528 480
491 481
444 482
494 483
474 484
451 485
490 486
453 487
469 488
435 489
426 490
447 491
420 492
470 493
459 494
423 495
420 496
403 497
408 498
400 499
375 500
34 501
13 502
11 503
6 504
4 506
3 507
3 508
6 509
3 510
5 511
2 512
2 513
4 514
4 515
3 516
2 517
2 519
2 520
2 521
3 522
4 523
1 524
4 526
3 527
2 528
2 529
3 531
1 532
1 533
1 539
1 541
1 545
