1 24
1 25
2 26
1 27
3 28
2 29
6 30
6 31
5 32
5 33
9 34
2114 35
4086 36
4220 37
7220 38
54727 39
143021 40
82516 41
14981 42
5620 43
5471 44
6339 45
7245 46
7085 47
8306 48
19708 49
79065 50
84121 51
30568 52
8594 53
5673 54
5725 55
6490 56
6719 57
8029 58
10089 59
17982 60
31283 61
24497 62
12039 63
6057 64
5218 65
5696 66
6353 67
7461 68
8643 69
10748 70
13942 71
15128 72
11621 73
6780 74
10038 75
14274 76
5555 77
6530 78
7169 79
8077 80
8899 81
10899 82
9408 83
7009 84
5776 85
4865 86
5174 87
5140 88
5372 89
5827 90
6157 91
7343 92
7584 93
6211 94
5289 95
4494 96
4584 97
4397 98
4595 99
4585 100
4850 101
5417 102
5459 103
5147 104
4554 105
3952 106
3967 107
3789 108
3912 109
4101 110
4107 111
4375 112
4432 113
4249 114
4010 115
3749 116
3707 117
3458 118
3516 119
3451 120
3736 121
3631 122
3520 123
3712 124
3369 125
3361 126
3135 127
3070 128
3137 129
2904 130
3071 131
2906 132
3011 133
3088 134
2937 135
2850 136
2839 137
2663 138
2875 139
2624 140
2580 141
2626 142
2667 143
2895 144
2643 145
2761 146
2717 147
2509 148
2533 149
2290 150
2541 151
2563 152
2568 153
2466 154
2472 155
2425 156
2244 157
2231 158
2313 159
2163 160
2314 161
2090 162
2218 163
2475 164
2305 165
2425 166
2096 167
2231 168
2585 169
2470 170
2871 171
2251 172
2165 173
2471 174
2534 175
2498 176
2441 177
2282 178
2328 179
2565 180
2515 181
2538 182
2298 183
2366 184
2525 185
2770 186
2450 187
2189 188
2091 189
2182 190
2240 191
2383 192
2559 193
2877 194
3013 195
2969 196
2808 197
2675 198
2268 199
2553 200
2645 201
2991 202
3079 203
2898 204
3364 205
2965 206
3024 207
3021 208
2584 209
2928 210
2853 211
3286 212
3252 213
3396 214
3119 215
2819 216
2630 217
2631 218
2763 219
2725 220
2761 221
3083 222
3147 223
3331 224
3089 225
2769 226
2423 227
2182 228
2329 229
2231 230
2372 231
2652 232
2645 233
2644 234
2717 235
2334 236
2190 237
2003 238
2082 239
1978 240
2059 241
1991 242
2241 243
2301 244
2202 245
1996 246
1868 247
1827 248
1714 249
1695 250
1737 251
1697 252
1783 253
1861 254
1804 255
1683 256
1727 257
1582 258
1471 259
1447 260
1433 261
1486 262
1507 263
1477 264
1460 265
1483 266
1375 267
1446 268
1210 269
1315 270
1270 271
1211 272
1302 273
1143 274
1216 275
1265 276
1245 277
1264 278
1224 279
1089 280
1154 281
1138 282
1084 283
1189 284
1110 285
1115 286
1096 287
1043 288
1025 289
1004 290
1006 291
1018 292
903 293
959 294
902 295
893 296
876 297
980 298
865 299
892 300
861 301
844 302
857 303
808 304
856 305
777 306
876 307
908 308
852 309
844 310
848 311
833 312
908 313
802 314
811 315
795 316
847 317
830 318
749 319
826 320
790 321
808 322
848 323
711 324
787 325
775 326
834 327
741 328
812 329
872 330
739 331
806 332
807 333
707 334
824 335
822 336
852 337
813 338
799 339
823 340
756 341
719 342
721 343
746 344
858 345
833 346
861 347
795 348
846 349
850 350
847 351
790 352
713 353
750 354
763 355
737 356
811 357
797 358
805 359
773 360
767 361
764 362
681 363
760 364
700 365
669 366
772 367
751 368
742 369
695 370
743 371
730 372
648 373
613 374
655 375
623 376
651 377
620 378
624 379
600 380
671 381
620 382
605 383
517 384
619 385
579 386
565 387
550 388
565 389
561 390
598 391
489 392
553 393
498 394
539 395
548 396
473 397
475 398
496 399
457 400
478 401
470 402
439 403
404 404
404 405
481 406
410 407
463 408
448 409
469 410
425 411
374 412
408 413
387 414
355 415
381 416
373 417
382 418
372 419
357 420
355 421
332 422
349 423
314 424
345 425
303 426
309 427
397 428
294 429
324 430
301 431
294 432
302 433
314 434
280 435
274 436
272 437
331 438
253 439
273 440
263 441
286 442
264 443
279 444
276 445
261 446
243 447
235 448
213 449
198 450
215 451
198 452
227 453
193 454
231 455
213 456
241 457
192 458
186 459
187 460
184 461
177 462
191 463
191 464
141 465
160 466
172 467
165 468
177 469
167 470
183 471
155 472
166 473
157 474
143 475
145 476
159 477
175 478
141 479
152 480
157 481
145 482
163 483
142 484
151 485
151 486
132 487
152 488
129 489
137 490
129 491
103 492
172 493
119 494
126 495
149 496
118 497
137 498
104 499
115 500
18 501
4 502
1 503
2 504
1 505
1 506
1 507
1 508
1 509
3 510
1 511
2 512
5 513
2 515
1 517
3 518
2 519
2 521
1 523
1 524
1 527
1 530
1 533
1 539
1 542
