2 22
2 23
4 24
2 25
5 26
4 27
5 28
4 29
13 30
10 31
13 32
13 33
11 34
305 35
479 36
576 37
1193 38
10255 39
35632 40
27571 41
6019 42
3137 43
4017 44
5491 45
7240 46
7643 47
9160 48
21325 49
91241 50
119605 51
51803 52
15581 53
10735 54
11217 55
13352 56
13588 57
14151 58
16587 59
29739 60
57607 61
51129 62
26543 63
14301 64
12222 65
13345 66
14676 67
15476 68
15568 69
18795 70
26364 71
31827 72
25542 73
16446 74
21398 75
28223 76
14494 77
15681 78
15545 79
16138 80
18327 81
23752 82
21374 83
17786 84
15091 85
12954 86
13795 87
13279 88
13031 89
13425 90
14043 91
17062 92
17210 93
16035 94
14086 95
12297 96
12544 97
12199 98
11931 99
11678 100
12066 101
13335 102
13119 103
12966 104
12166 105
11065 106
11742 107
10725 108
10991 109
10883 110
10812 111
11397 112
11239 113
11127 114
10946 115
10619 116
10876 117
9921 118
9960 119
9427 120
9781 121
9617 122
9407 123
10135 124
9229 125
10006 126
9179 127
8731 128
9188 129
8311 130
8493 131
8386 132
8569 133
8841 134
8395 135
8347 136
8314 137
7848 138
8452 139
7982 140
7663 141
7944 142
7567 143
8416 144
7997 145
7826 146
7972 147
7485 148
7488 149
7079 150
7439 151
6694 152
7134 153
6950 154
6730 155
7131 156
6750 157
6388 158
6769 159
6358 160
6775 161
6104 162
6030 163
6448 164
6262 165
6747 166
6082 167
6123 168
6614 169
5881 170
6874 171
5615 172
5775 173
6196 174
6034 175
5928 176
6095 177
5800 178
5905 179
6069 180
6043 181
5982 182
5535 183
5506 184
5329 185
6013 186
5756 187
5394 188
5594 189
5295 190
5496 191
5265 192
5628 193
5736 194
6115 195
6044 196
5974 197
5957 198
5008 199
5822 200
5348 201
5768 202
5591 203
5219 204
6347 205
5666 206
6334 207
6414 208
5238 209
6088 210
5203 211
6027 212
5723 213
5862 214
5905 215
5405 216
5505 217
5451 218
5647 219
5402 220
5257 221
5490 222
5537 223
5877 224
5738 225
5766 226
5300 227
4807 228
5270 229
4811 230
4918 231
5243 232
5045 233
5031 234
5376 235
5050 236
4769 237
4660 238
4876 239
4682 240
4805 241
4537 242
4772 243
4853 244
4672 245
4460 246
4315 247
4403 248
4248 249
4482 250
4310 251
4089 252
4341 253
4188 254
4323 255
3931 256
4066 257
3935 258
3960 259
3771 260
3753 261
3751 262
4081 263
3619 264
3788 265
3847 266
3569 267
3912 268
3389 269
3534 270
3458 271
3266 272
3575 273
3181 274
3334 275
3520 276
3307 277
3611 278
3137 279
3065 280
3185 281
3338 282
3048 283
3597 284
3048 285
3334 286
3131 287
2921 288
3032 289
2951 290
2845 291
2947 292
2999 293
2937 294
2743 295
2858 296
2814 297
2808 298
2681 299
2617 300
2660 301
2638 302
2653 303
2539 304
2657 305
2525 306
2586 307
2709 308
2579 309
2569 310
2506 311
2538 312
2829 313
2404 314
2627 315
2559 316
2310 317
2452 318
2284 319
2418 320
2314 321
2426 322
2487 323
2158 324
2448 325
2163 326
2538 327
2439 328
2186 329
2360 330
2104 331
2392 332
2232 333
2060 334
2363 335
2258 336
2312 337
2146 338
2039 339
2260 340
2102 341
2042 342
1987 343
2039 344
2054 345
2264 346
2278 347
2074 348
2073 349
2098 350
2235 351
2015 352
2060 353
1993 354
2092 355
2091 356
2088 357
1895 358
2000 359
1932 360
1935 361
2088 362
1900 363
1941 364
1867 365
1924 366
1808 367
1842 368
1831 369
1864 370
1971 371
1853 372
1758 373
1653 374
1724 375
1799 376
1669 377
1791 378
1626 379
1662 380
1612 381
1678 382
1610 383
1694 384
1803 385
1589 386
1698 387
1604 388
1549 389
1508 390
1531 391
1478 392
1573 393
1419 394
1654 395
1470 396
1432 397
1394 398
1401 399
1345 400
1383 401
1260 402
1446 403
1302 404
1367 405
1384 406
1203 407
1329 408
1303 409
1231 410
1237 411
1229 412
1337 413
1149 414
1107 415
1241 416
1065 417
1166 418
1120 419
1181 420
1201 421
1095 422
1201 423
1095 424
989 425
1103 426
1009 427
1152 428
925 429
943 430
1019 431
1015 432
1040 433
1009 434
1003 435
1002 436
969 437
958 438
861 439
899 440
885 441
955 442
1026 443
926 444
865 445
826 446
883 447
851 448
815 449
804 450
802 451
795 452
899 453
749 454
811 455
747 456
754 457
740 458
758 459
727 460
778 461
727 462
775 463
703 464
716 465
696 466
672 467
740 468
659 469
665 470
641 471
631 472
694 473
626 474
613 475
654 476
621 477
707 478
591 479
619 480
572 481
539 482
609 483
579 484
528 485
548 486
522 487
622 488
516 489
537 490
462 491
478 492
566 493
511 494
499 495
519 496
526 497
503 498
507 499
506 500
46 501
17 502
13 503
6 504
8 505
2 507
5 508
9 509
4 510
4 511
2 512
2 513
4 514
8 515
2 516
3 517
3 518
3 519
7 520
3 521
1 522
4 523
3 525
6 526
2 527
4 528
2 529
3 531
2 534
1 535
1 541
1 542
