1 24
1 25
3 26
3 28
2 29
6 30
4 31
8 32
5 33
10 34
2779 35
4915 36
4953 37
7341 38
36602 39
75423 40
42390 41
10182 42
5757 43
6531 44
7969 45
8559 46
7970 47
9233 48
18785 49
54310 50
51146 51
19132 52
7858 53
6924 54
7289 55
8059 56
8159 57
9287 58
10855 59
16212 60
23053 61
16792 62
10083 63
7392 64
7519 65
7746 66
7945 67
8952 68
9835 69
10649 70
12026 71
11922 72
9406 73
7205 74
10876 75
15044 76
7240 77
7776 78
8241 79
8722 80
8758 81
9637 82
8313 83
7510 84
6657 85
6154 86
6346 87
6354 88
6316 89
6594 90
6419 91
7394 92
7135 93
6555 94
5913 95
5508 96
5541 97
5374 98
5351 99
5181 100
5406 101
5680 102
5563 103
5476 104
5303 105
4791 106
5050 107
4771 108
4797 109
4663 110
4614 111
4778 112
4816 113
4830 114
4627 115
4521 116
4565 117
4358 118
4342 119
4000 120
4026 121
4123 122
3928 123
4249 124
4032 125
4169 126
3993 127
3745 128
3876 129
3471 130
3587 131
3565 132
3604 133
3627 134
3467 135
3478 136
3592 137
3491 138
3623 139
3309 140
3259 141
3262 142
3250 143
3368 144
3279 145
3320 146
3449 147
3228 148
3157 149
3077 150
3205 151
3033 152
3055 153
3013 154
2954 155
3112 156
2988 157
2897 158
3094 159
2947 160
2875 161
2705 162
2747 163
3066 164
3009 165
3037 166
2956 167
3031 168
3346 169
3252 170
3371 171
2715 172
2539 173
2933 174
2891 175
2989 176
2936 177
2863 178
2971 179
3136 180
2998 181
3054 182
2640 183
2786 184
2949 185
3134 186
2929 187
2757 188
2703 189
2796 190
2739 191
2840 192
2835 193
3011 194
3177 195
3091 196
3130 197
2950 198
2670 199
2916 200
2834 201
3025 202
3067 203
3012 204
3364 205
3071 206
3226 207
3188 208
2819 209
3145 210
2720 211
3041 212
3020 213
3156 214
2957 215
2773 216
2781 217
2725 218
2797 219
2778 220
2731 221
2846 222
2927 223
3031 224
2892 225
2709 226
2534 227
2451 228
2515 229
2326 230
2464 231
2710 232
2586 233
2476 234
2562 235
2447 236
2330 237
2174 238
2214 239
2234 240
2223 241
2210 242
2180 243
2233 244
2193 245
2067 246
2000 247
1936 248
2016 249
1950 250
1879 251
1903 252
1914 253
1932 254
1832 255
1803 256
1891 257
1819 258
1803 259
1812 260
1606 261
1636 262
1751 263
1695 264
1711 265
1590 266
1542 267
1557 268
1450 269
1559 270
1498 271
1525 272
1622 273
1502 274
1461 275
1455 276
1496 277
1527 278
1369 279
1349 280
1338 281
1366 282
1439 283
1477 284
1400 285
1436 286
1387 287
1295 288
1230 289
1232 290
1291 291
1268 292
1266 293
1320 294
1194 295
1285 296
1197 297
1202 298
1187 299
1183 300
1202 301
1146 302
1142 303
1141 304
1144 305
1140 306
1124 307
1128 308
1118 309
1162 310
1126 311
1081 312
1189 313
1072 314
1111 315
1152 316
1109 317
1078 318
1077 319
1122 320
1013 321
1030 322
1114 323
973 324
1106 325
1052 326
1083 327
1028 328
940 329
1094 330
973 331
1026 332
1061 333
943 334
1056 335
1047 336
1041 337
987 338
967 339
1014 340
962 341
994 342
991 343
989 344
1042 345
1036 346
1053 347
980 348
1002 349
962 350
1020 351
933 352
943 353
858 354
1008 355
947 356
925 357
920 358
963 359
923 360
891 361
899 362
881 363
908 364
894 365
856 366
872 367
870 368
885 369
916 370
880 371
861 372
842 373
782 374
818 375
778 376
773 377
802 378
810 379
836 380
832 381
763 382
731 383
759 384
749 385
754 386
729 387
715 388
766 389
763 390
741 391
677 392
652 393
704 394
764 395
716 396
646 397
642 398
672 399
652 400
646 401
606 402
627 403
617 404
577 405
633 406
557 407
594 408
545 409
543 410
529 411
550 412
561 413
539 414
520 415
524 416
503 417
527 418
505 419
519 420
511 421
488 422
540 423
557 424
467 425
487 426
460 427
487 428
458 429
430 430
423 431
444 432
456 433
412 434
427 435
477 436
417 437
459 438
416 439
421 440
410 441
387 442
408 443
386 444
388 445
353 446
360 447
369 448
364 449
358 450
359 451
347 452
327 453
309 454
332 455
340 456
359 457
352 458
345 459
284 460
344 461
343 462
354 463
287 464
313 465
262 466
324 467
265 468
260 469
254 470
309 471
254 472
279 473
227 474
307 475
264 476
276 477
291 478
275 479
267 480
276 481
254 482
247 483
226 484
248 485
225 486
283 487
247 488
233 489
205 490
216 491
233 492
259 493
215 494
226 495
256 496
231 497
202 498
185 499
208 500
16 501
6 502
5 503
5 504
2 505
1 507
2 508
2 509
1 510
3 511
4 512
2 513
2 514
1 515
1 516
3 518
1 521
1 523
1 524
2 526
1 529
2 530
3 531
1 532
2 533
1 539
1 541
1 542
1 544
