1 25
1 26
1 27
3 28
1 29
1 30
2 31
4 32
4 33
3 34
238 35
364 36
312 37
668 38
7274 39
35569 40
24650 41
4073 42
1710 43
2001 44
2688 45
3339 46
3425 47
3905 48
8584 49
48065 50
66641 51
22776 52
6394 53
4159 54
4521 55
5505 56
5618 57
6492 58
7707 59
12834 60
26017 61
22523 62
11241 63
6378 64
5926 65
6661 66
7165 67
7626 68
8024 69
9310 70
12064 71
14141 72
10875 73
7357 74
9958 75
13396 76
7102 77
7764 78
7828 79
7999 80
8895 81
10503 82
9744 83
8001 84
7226 85
6306 86
6689 87
6507 88
6672 89
6977 90
6963 91
7967 92
8223 93
7387 94
6510 95
6020 96
6130 97
6146 98
5928 99
5963 100
6149 101
6723 102
6353 103
6165 104
5829 105
5505 106
5841 107
5667 108
5687 109
5673 110
5786 111
5762 112
5624 113
5370 114
5456 115
5494 116
5468 117
5037 118
5337 119
4942 120
5256 121
5004 122
4614 123
5298 124
4756 125
5117 126
4688 127
4568 128
4956 129
4502 130
4566 131
4609 132
4332 133
4483 134
4343 135
4315 136
4374 137
4151 138
4417 139
4207 140
4013 141
4111 142
4184 143
4293 144
4116 145
4152 146
4189 147
3884 148
3951 149
3771 150
3946 151
3665 152
3797 153
3770 154
3707 155
3808 156
3442 157
3518 158
3667 159
3464 160
3497 161
3355 162
3400 163
3528 164
3338 165
3692 166
3262 167
3251 168
3586 169
3318 170
3574 171
3044 172
2938 173
3421 174
3247 175
3235 176
3260 177
3026 178
3299 179
3237 180
3220 181
3259 182
2903 183
3022 184
2984 185
3235 186
3039 187
2882 188
2932 189
2846 190
2825 191
2761 192
2918 193
3002 194
3092 195
3180 196
2979 197
2942 198
2593 199
2923 200
2733 201
2967 202
2810 203
2659 204
3209 205
2871 206
3057 207
3249 208
2549 209
2884 210
2620 211
2957 212
2942 213
2806 214
2881 215
2605 216
2684 217
2713 218
2821 219
2644 220
2640 221
2705 222
2778 223
2872 224
2878 225
2780 226
2557 227
2450 228
2569 229
2378 230
2433 231
2566 232
2495 233
2412 234
2488 235
2590 236
2385 237
2269 238
2433 239
2315 240
2346 241
2261 242
2251 243
2414 244
2270 245
2132 246
2145 247
2112 248
2141 249
2167 250
2238 251
2127 252
2178 253
2153 254
2093 255
1989 256
1928 257
1989 258
2035 259
1934 260
1858 261
1997 262
2020 263
1851 264
1952 265
1928 266
1840 267
1900 268
1708 269
1832 270
1782 271
1727 272
1751 273
1621 274
1709 275
1829 276
1751 277
1841 278
1662 279
1713 280
1649 281
1759 282
1676 283
1791 284
1643 285
1770 286
1704 287
1515 288
1539 289
1441 290
1456 291
1597 292
1589 293
1532 294
1420 295
1523 296
1537 297
1569 298
1402 299
1349 300
1390 301
1410 302
1365 303
1320 304
1309 305
1370 306
1352 307
1358 308
1409 309
1396 310
1236 311
1321 312
1409 313
1292 314
1347 315
1322 316
1231 317
1319 318
1239 319
1191 320
1240 321
1255 322
1272 323
1100 324
1204 325
1137 326
1298 327
1213 328
1157 329
1181 330
1137 331
1190 332
1093 333
1001 334
1180 335
1088 336
1184 337
1111 338
1107 339
1098 340
1142 341
1029 342
994 343
994 344
1056 345
1076 346
1059 347
1060 348
1104 349
994 350
1077 351
1035 352
978 353
947 354
1009 355
1011 356
1047 357
965 358
968 359
886 360
971 361
955 362
899 363
978 364
908 365
929 366
909 367
893 368
852 369
885 370
897 371
851 372
821 373
819 374
895 375
849 376
844 377
776 378
830 379
784 380
780 381
790 382
758 383
806 384
818 385
712 386
820 387
815 388
733 389
709 390
734 391
689 392
704 393
697 394
857 395
733 396
665 397
641 398
680 399
690 400
654 401
606 402
652 403
606 404
671 405
645 406
617 407
648 408
609 409
595 410
633 411
528 412
629 413
549 414
544 415
572 416
527 417
579 418
590 419
543 420
557 421
498 422
529 423
558 424
472 425
556 426
473 427
534 428
473 429
472 430
499 431
482 432
503 433
472 434
444 435
470 436
448 437
475 438
474 439
420 440
442 441
458 442
503 443
468 444
376 445
394 446
430 447
394 448
440 449
398 450
366 451
379 452
416 453
372 454
387 455
354 456
365 457
366 458
358 459
338 460
347 461
394 462
373 463
327 464
326 465
333 466
327 467
328 468
313 469
302 470
325 471
306 472
327 473
301 474
304 475
279 476
253 477
307 478
290 479
288 480
262 481
272 482
286 483
245 484
276 485
257 486
247 487
255 488
233 489
241 490
239 491
198 492
240 493
257 494
218 495
213 496
226 497
242 498
241 499
227 500
16 501
6 502
3 503
1 504
6 505
1 506
2 507
2 508
1 509
9 510
2 511
3 512
6 513
3 515
1 516
1 517
1 519
2 520
1 522
2 526
2 528
1 529
1 533
1 534
1 536
1 539
1 540
