1 22
1 25
2 26
2 27
3 28
3 29
4 30
10 31
3 32
4 33
4 34
734 35
1407 36
1567 37
2868 38
23730 39
68617 40
40656 41
7997 42
3485 43
3553 44
4313 45
5150 46
5077 47
5990 48
13652 49
55659 50
62677 51
24775 52
8124 53
5946 54
6127 55
6964 56
7168 57
7772 58
9361 59
17028 60
30379 61
25408 62
13842 63
8041 64
7071 65
7629 66
8462 67
8991 68
9645 69
11558 70
15672 71
18098 72
14203 73
9709 74
13131 75
17785 76
8617 77
9291 78
9754 79
10441 80
11685 81
14290 82
13166 83
10856 84
9191 85
8114 86
8351 87
8048 88
8349 89
8886 90
9011 91
10819 92
10977 93
10049 94
8933 95
7805 96
7751 97
7929 98
7627 99
7626 100
8132 101
8811 102
8921 103
8476 104
8011 105
7224 106
7502 107
7101 108
7078 109
7232 110
7557 111
7839 112
7490 113
7507 114
7258 115
7104 116
7097 117
6645 118
6643 119
6360 120
6717 121
6393 122
6478 123
6834 124
6291 125
6626 126
6059 127
5761 128
6134 129
5700 130
5673 131
5705 132
5895 133
5754 134
5673 135
5612 136
5449 137
5329 138
5580 139
5286 140
5068 141
5307 142
5204 143
5561 144
5300 145
5366 146
5375 147
5139 148
4939 149
4685 150
5057 151
4567 152
4746 153
4615 154
4597 155
4712 156
4458 157
4369 158
4453 159
4229 160
4379 161
4161 162
4189 163
4360 164
4345 165
4445 166
4053 167
4125 168
4410 169
4100 170
4594 171
3862 172
3827 173
4171 174
4024 175
4188 176
4205 177
3840 178
3878 179
4047 180
4143 181
4087 182
3759 183
3736 184
3738 185
4064 186
3919 187
3497 188
3578 189
3453 190
3583 191
3668 192
3656 193
3882 194
4049 195
4087 196
3911 197
3674 198
3353 199
3757 200
3650 201
3871 202
3808 203
3669 204
4217 205
3808 206
4031 207
4185 208
3337 209
3809 210
3499 211
3999 212
3803 213
3787 214
3805 215
3433 216
3549 217
3574 218
3582 219
3578 220
3445 221
3545 222
3663 223
3761 224
3690 225
3556 226
3373 227
3121 228
3245 229
3058 230
3109 231
3396 232
3295 233
3205 234
3267 235
3212 236
2900 237
2970 238
3050 239
2832 240
2945 241
2836 242
3062 243
3042 244
2949 245
2683 246
2682 247
2643 248
2599 249
2707 250
2493 251
2527 252
2627 253
2533 254
2581 255
2341 256
2467 257
2387 258
2348 259
2464 260
2179 261
2310 262
2433 263
2238 264
2288 265
2294 266
2215 267
2289 268
2059 269
2064 270
2089 271
2094 272
2234 273
1997 274
2037 275
2088 276
1907 277
2172 278
1926 279
1813 280
1890 281
2000 282
1940 283
2095 284
1839 285
1997 286
1874 287
1734 288
1811 289
1665 290
1705 291
1669 292
1660 293
1758 294
1624 295
1752 296
1707 297
1697 298
1563 299
1594 300
1624 301
1661 302
1576 303
1460 304
1654 305
1525 306
1485 307
1524 308
1547 309
1607 310
1492 311
1432 312
1631 313
1428 314
1458 315
1561 316
1373 317
1504 318
1367 319
1444 320
1384 321
1398 322
1403 323
1289 324
1477 325
1320 326
1482 327
1347 328
1319 329
1401 330
1287 331
1362 332
1343 333
1211 334
1303 335
1292 336
1376 337
1353 338
1238 339
1284 340
1195 341
1214 342
1162 343
1213 344
1265 345
1246 346
1315 347
1176 348
1275 349
1203 350
1341 351
1186 352
1140 353
1115 354
1222 355
1226 356
1199 357
1160 358
1197 359
1117 360
1163 361
1158 362
1111 363
1104 364
1071 365
1103 366
1056 367
1063 368
1111 369
1120 370
1165 371
1086 372
1059 373
979 374
1005 375
972 376
967 377
1059 378
969 379
1035 380
965 381
958 382
981 383
930 384
995 385
976 386
957 387
909 388
869 389
836 390
879 391
866 392
868 393
803 394
899 395
849 396
831 397
819 398
763 399
787 400
775 401
699 402
734 403
764 404
745 405
768 406
735 407
749 408
785 409
727 410
762 411
655 412
753 413
647 414
644 415
691 416
559 417
653 418
583 419
616 420
607 421
602 422
645 423
631 424
598 425
588 426
562 427
604 428
543 429
546 430
488 431
558 432
543 433
542 434
495 435
525 436
511 437
523 438
534 439
487 440
509 441
512 442
528 443
509 444
440 445
473 446
480 447
442 448
429 449
466 450
448 451
457 452
449 453
427 454
424 455
406 456
381 457
411 458
437 459
373 460
408 461
367 462
413 463
409 464
377 465
336 466
358 467
370 468
359 469
358 470
372 471
372 472
388 473
316 474
310 475
329 476
338 477
367 478
309 479
319 480
314 481
314 482
322 483
312 484
274 485
298 486
270 487
295 488
316 489
275 490
258 491
256 492
270 493
264 494
251 495
245 496
237 497
255 498
251 499
246 500
18 501
5 502
5 503
5 504
2 505
2 508
2 509
4 510
1 511
2 512
2 514
1 517
2 518
2 519
1 520
1 521
1 524
1 525
1 526
2 527
2 528
1 530
1 531
1 533
1 535
2 536
1 543
1 544
