1 29
1 30
2 31
3 32
2 33
3 34
1495 35
2480 36
2499 37
3333 38
16540 39
44367 40
26855 41
6165 42
3435 43
3740 44
4474 45
5009 46
4749 47
5121 48
9864 49
33619 50
36134 51
15078 52
5876 53
4848 54
4974 55
5438 56
5509 57
5910 58
6815 59
10948 60
17076 61
13920 62
8096 63
5544 64
5350 65
5614 66
5742 67
5953 68
6275 69
7313 70
9002 71
9386 72
7686 73
5721 74
7894 75
10953 76
5232 77
5613 78
5897 79
6271 80
6654 81
7411 82
6757 83
5782 84
5312 85
4923 86
4750 87
4831 88
4924 89
5131 90
5138 91
5757 92
5709 93
5308 94
4941 95
4533 96
4420 97
4425 98
4319 99
4292 100
4403 101
4727 102
4695 103
4591 104
4364 105
4152 106
4223 107
4009 108
3982 109
3964 110
3987 111
4140 112
3972 113
4017 114
3986 115
3896 116
3807 117
3722 118
3784 119
3574 120
3665 121
3565 122
3520 123
3633 124
3599 125
3608 126
3448 127
3440 128
3388 129
3228 130
3218 131
3295 132
3211 133
3225 134
3260 135
3185 136
3284 137
3166 138
3308 139
3099 140
3064 141
3091 142
3015 143
3059 144
2965 145
3059 146
3100 147
3055 148
3019 149
2987 150
3205 151
3029 152
3023 153
2953 154
2816 155
2869 156
2706 157
2913 158
3055 159
2825 160
2832 161
2750 162
2849 163
3016 164
2889 165
2995 166
2838 167
2786 168
3089 169
2948 170
3196 171
2769 172
2725 173
2977 174
3081 175
3003 176
3084 177
2901 178
2994 179
3054 180
2981 181
3095 182
2793 183
2774 184
2952 185
3094 186
3019 187
2940 188
2899 189
2886 190
2761 191
2885 192
2854 193
3182 194
3213 195
3097 196
3111 197
2988 198
2769 199
2985 200
2969 201
3082 202
3052 203
3146 204
3402 205
3213 206
3379 207
3212 208
2970 209
3241 210
3026 211
3428 212
3105 213
3318 214
3328 215
3033 216
2990 217
3033 218
3038 219
2916 220
2937 221
3143 222
3046 223
3252 224
3096 225
3069 226
3011 227
2728 228
2922 229
2731 230
2725 231
2908 232
3075 233
2866 234
2931 235
2889 236
2662 237
2589 238
2811 239
2623 240
2674 241
2506 242
2690 243
2752 244
2663 245
2585 246
2477 247
2490 248
2421 249
2401 250
2508 251
2435 252
2394 253
2346 254
2496 255
2345 256
2431 257
2285 258
2328 259
2332 260
2176 261
2237 262
2314 263
2280 264
2284 265
2243 266
2135 267
2162 268
2046 269
2099 270
2140 271
2043 272
2119 273
2037 274
2046 275
2091 276
1981 277
2088 278
2045 279
1985 280
1992 281
1967 282
2016 283
1981 284
2005 285
2065 286
1988 287
1866 288
1897 289
1874 290
1910 291
1888 292
1856 293
1883 294
1778 295
1875 296
1732 297
1792 298
1677 299
1798 300
1781 301
1830 302
1793 303
1691 304
1828 305
1693 306
1721 307
1752 308
1745 309
1752 310
1690 311
1649 312
1803 313
1607 314
1676 315
1646 316
1639 317
1664 318
1622 319
1643 320
1650 321
1655 322
1650 323
1559 324
1628 325
1628 326
1621 327
1639 328
1594 329
1622 330
1520 331
1660 332
1528 333
1447 334
1542 335
1514 336
1636 337
1550 338
1493 339
1478 340
1449 341
1405 342
1389 343
1540 344
1489 345
1488 346
1571 347
1395 348
1497 349
1442 350
1562 351
1433 352
1447 353
1355 354
1453 355
1409 356
1368 357
1449 358
1364 359
1355 360
1359 361
1329 362
1328 363
1286 364
1289 365
1343 366
1227 367
1267 368
1268 369
1268 370
1341 371
1237 372
1259 373
1208 374
1225 375
1234 376
1172 377
1219 378
1205 379
1177 380
1243 381
1122 382
1134 383
1092 384
1153 385
1131 386
1137 387
1121 388
1048 389
1118 390
1168 391
1034 392
1096 393
1010 394
1052 395
1050 396
980 397
960 398
976 399
942 400
961 401
950 402
953 403
932 404
908 405
1041 406
867 407
885 408
929 409
855 410
824 411
823 412
850 413
851 414
779 415
822 416
778 417
807 418
744 419
784 420
794 421
739 422
730 423
764 424
807 425
771 426
691 427
716 428
670 429
689 430
709 431
667 432
726 433
723 434
680 435
628 436
616 437
644 438
656 439
613 440
627 441
681 442
634 443
614 444
559 445
571 446
576 447
539 448
597 449
519 450
516 451
495 452
557 453
516 454
531 455
509 456
517 457
469 458
486 459
457 460
480 461
480 462
464 463
423 464
457 465
467 466
436 467
443 468
411 469
417 470
405 471
442 472
384 473
398 474
427 475
376 476
386 477
433 478
383 479
363 480
411 481
404 482
364 483
383 484
346 485
339 486
348 487
338 488
351 489
320 490
354 491
344 492
387 493
285 494
363 495
330 496
341 497
336 498
292 499
289 500
35 501
9 502
5 503
1 504
3 505
2 506
2 507
1 508
3 509
6 510
3 511
3 512
7 513
5 514
3 515
2 516
1 517
1 518
1 519
2 520
2 521
2 522
3 524
1 525
1 526
1 529
1 530
1 531
1 532
2 533
2 534
2 541
2 542
1 544
