2 24
3 27
2 28
1 29
2 30
7 31
10 32
6 33
5 34
784 35
1303 36
1604 37
2377 38
8034 39
21086 40
15079 41
5292 42
5392 43
7388 44
9323 45
10185 46
9426 47
9719 48
14919 49
30478 50
29884 51
14986 52
10768 53
12158 54
13629 55
13708 56
12602 57
12803 58
13367 59
15540 60
18179 61
14406 62
12088 63
12105 64
13649 65
13559 66
12575 67
12103 68
12403 69
12578 70
11994 71
12033 72
10913 73
10297 74
14570 75
20062 76
10196 77
10559 78
10800 79
10858 80
10084 81
10157 82
9438 83
9364 84
9017 85
8506 86
8359 87
8074 88
7881 89
7893 90
7651 91
8222 92
7853 93
7644 94
7834 95
7074 96
7059 97
6757 98
6479 99
6307 100
6336 101
6411 102
6356 103
6228 104
6356 105
5884 106
6132 107
5695 108
5715 109
5616 110
5367 111
5323 112
5243 113
5177 114
5108 115
5184 116
5282 117
5030 118
4848 119
4584 120
4656 121
4535 122
4605 123
4785 124
4803 125
4662 126
4612 127
4495 128
4368 129
3900 130
3908 131
3897 132
3899 133
3811 134
3982 135
4185 136
4785 137
4915 138
4708 139
4197 140
3775 141
3636 142
3502 143
3460 144
3514 145
3813 146
3845 147
4038 148
4228 149
4436 150
4746 151
4378 152
3986 153
3632 154
3561 155
3723 156
3685 157
3826 158
4021 159
3902 160
3904 161
3679 162
3531 163
3763 164
3922 165
4055 166
4141 167
4267 168
4422 169
4086 170
4430 171
3725 172
3580 173
3829 174
3823 175
4203 176
4364 177
4277 178
4154 179
4281 180
4054 181
3745 182
3637 183
3686 184
3898 185
4216 186
4116 187
4087 188
4066 189
3830 190
3765 191
3714 192
3749 193
3935 194
4146 195
4225 196
4173 197
4073 198
3697 199
3819 200
3636 201
3818 202
3848 203
3705 204
4048 205
3963 206
3912 207
4012 208
3544 209
3704 210
3362 211
3645 212
3602 213
3609 214
3481 215
3264 216
3314 217
3269 218
3451 219
3175 220
3035 221
3051 222
3243 223
3207 224
3133 225
2941 226
3006 227
2785 228
2870 229
2716 230
2761 231
2754 232
2679 233
2689 234
2605 235
2618 236
2505 237
2398 238
2492 239
2368 240
2471 241
2312 242
2467 243
2301 244
2262 245
2047 246
2256 247
2209 248
2077 249
2090 250
2138 251
2014 252
2001 253
1990 254
1955 255
1902 256
1899 257
1825 258
1785 259
1785 260
1788 261
1792 262
1799 263
1611 264
1687 265
1710 266
1652 267
1636 268
1592 269
1618 270
1653 271
1522 272
1648 273
1466 274
1537 275
1544 276
1462 277
1550 278
1466 279
1440 280
1479 281
1421 282
1417 283
1508 284
1364 285
1459 286
1385 287
1306 288
1381 289
1351 290
1373 291
1350 292
1295 293
1275 294
1168 295
1275 296
1258 297
1317 298
1270 299
1232 300
1339 301
1259 302
1368 303
1269 304
1218 305
1191 306
1168 307
1243 308
1175 309
1321 310
1195 311
1210 312
1324 313
1194 314
1208 315
1114 316
1090 317
1143 318
1185 319
1196 320
1207 321
1260 322
1125 323
1132 324
1210 325
1069 326
1156 327
1082 328
1145 329
1191 330
1037 331
1170 332
1057 333
1073 334
1106 335
1087 336
1100 337
1105 338
1078 339
1038 340
1039 341
1001 342
1038 343
1031 344
1033 345
1014 346
1031 347
950 348
1021 349
975 350
1026 351
944 352
897 353
884 354
915 355
923 356
951 357
868 358
940 359
832 360
855 361
819 362
859 363
842 364
832 365
829 366
768 367
764 368
767 369
738 370
747 371
736 372
696 373
756 374
711 375
738 376
739 377
700 378
667 379
695 380
676 381
639 382
663 383
608 384
642 385
615 386
589 387
625 388
613 389
540 390
582 391
567 392
569 393
506 394
572 395
499 396
541 397
518 398
547 399
477 400
492 401
434 402
480 403
462 404
455 405
420 406
411 407
470 408
411 409
413 410
438 411
366 412
453 413
368 414
389 415
381 416
347 417
365 418
369 419
307 420
367 421
312 422
307 423
349 424
371 425
286 426
320 427
317 428
328 429
287 430
261 431
299 432
282 433
256 434
285 435
273 436
266 437
277 438
252 439
282 440
273 441
258 442
243 443
236 444
220 445
206 446
199 447
235 448
259 449
190 450
206 451
215 452
212 453
207 454
207 455
189 456
213 457
215 458
193 459
158 460
171 461
192 462
188 463
152 464
173 465
164 466
153 467
165 468
163 469
132 470
159 471
136 472
156 473
147 474
141 475
163 476
162 477
164 478
122 479
133 480
134 481
157 482
125 483
147 484
130 485
126 486
119 487
110 488
114 489
114 490
104 491
122 492
103 493
108 494
131 495
105 496
104 497
106 498
109 499
122 500
7 501
5 502
2 503
1 504
1 506
1 507
2 508
2 509
1 510
3 511
1 513
1 514
1 516
1 521
1 523
1 524
1 531
1 536
