2 24
6 25
3 26
3 27
6 28
2 29
14 30
10 31
13 32
11 33
12 34
308 35
445 36
610 37
1156 38
8675 39
24982 40
16163 41
3722 42
1876 43
2165 44
2703 45
3362 46
3503 47
4549 48
11094 49
42448 50
49850 51
21561 52
7374 53
5644 54
6297 55
7229 56
7352 57
8400 58
10486 59
18919 60
32840 61
28180 62
15674 63
9400 64
8635 65
9165 66
10262 67
11346 68
11746 69
14365 70
19323 71
21350 72
17149 73
11674 74
16565 75
22749 76
10877 77
11633 78
11881 79
12619 80
13762 81
17534 82
15453 83
12620 84
11189 85
9777 86
10392 87
9993 88
9999 89
10593 90
10670 91
13024 92
13013 93
11837 94
10432 95
9315 96
9536 97
9474 98
8920 99
8817 100
9531 101
10207 102
10217 103
9717 104
9377 105
8434 106
9003 107
8405 108
8506 109
8380 110
8274 111
8743 112
8901 113
8451 114
8329 115
8197 116
8267 117
7868 118
7821 119
7247 120
7784 121
7461 122
7347 123
7825 124
7346 125
7671 126
7060 127
6658 128
7150 129
6491 130
6711 131
6701 132
6666 133
6722 134
6501 135
6494 136
6466 137
6180 138
6585 139
6344 140
6014 141
6204 142
5999 143
6430 144
6243 145
6136 146
6201 147
6057 148
5778 149
5490 150
5767 151
5334 152
5596 153
5393 154
5313 155
5653 156
5229 157
5250 158
5369 159
5170 160
5405 161
4834 162
4937 163
5003 164
5032 165
5453 166
4896 167
5060 168
5360 169
4896 170
5524 171
4620 172
4531 173
4944 174
4728 175
4821 176
4854 177
4772 178
4932 179
5121 180
5066 181
5010 182
4429 183
4477 184
4583 185
5025 186
4750 187
4556 188
4494 189
4343 190
4521 191
4435 192
4644 193
4728 194
5055 195
5192 196
5179 197
4862 198
4214 199
4867 200
4489 201
4992 202
4622 203
4461 204
5396 205
4989 206
5301 207
5469 208
4498 209
5001 210
4476 211
5043 212
4947 213
5117 214
4959 215
4818 216
4694 217
4806 218
4913 219
4697 220
4413 221
4806 222
4904 223
5239 224
5061 225
4730 226
4606 227
4286 228
4580 229
4133 230
4209 231
4438 232
4527 233
4278 234
4544 235
4326 236
4029 237
4042 238
4098 239
4014 240
4076 241
3865 242
4044 243
3967 244
3976 245
3640 246
3647 247
3737 248
3539 249
3701 250
3494 251
3530 252
3670 253
3671 254
3559 255
3439 256
3419 257
3532 258
3219 259
3308 260
3047 261
3114 262
3569 263
3158 264
3174 265
3209 266
3045 267
3187 268
2937 269
3056 270
2937 271
2754 272
2985 273
2747 274
2763 275
2919 276
2805 277
3171 278
2681 279
2611 280
2651 281
2870 282
2565 283
2934 284
2625 285
2805 286
2751 287
2482 288
2420 289
2329 290
2401 291
2410 292
2415 293
2504 294
2310 295
2464 296
2348 297
2405 298
2287 299
2313 300
2173 301
2241 302
2366 303
2091 304
2198 305
2142 306
2124 307
2305 308
2185 309
2294 310
2071 311
2021 312
2343 313
1967 314
2122 315
2149 316
2195 317
2056 318
1886 319
2138 320
1963 321
2012 322
2095 323
1770 324
2121 325
1946 326
2049 327
2019 328
1895 329
2079 330
1945 331
1915 332
1865 333
1726 334
1972 335
1779 336
1909 337
1796 338
1791 339
1851 340
1850 341
1758 342
1776 343
1706 344
1864 345
1862 346
1927 347
1859 348
1911 349
1829 350
1811 351
1771 352
1725 353
1740 354
1754 355
1785 356
1783 357
1675 358
1685 359
1587 360
1692 361
1771 362
1796 363
1730 364
1705 365
1709 366
1544 367
1602 368
1611 369
1655 370
1597 371
1597 372
1507 373
1487 374
1569 375
1496 376
1421 377
1536 378
1416 379
1484 380
1431 381
1479 382
1425 383
1397 384
1539 385
1416 386
1414 387
1455 388
1289 389
1377 390
1417 391
1267 392
1309 393
1237 394
1405 395
1272 396
1206 397
1238 398
1275 399
1193 400
1182 401
1079 402
1191 403
1110 404
1179 405
1141 406
1078 407
1149 408
1159 409
1082 410
1090 411
1006 412
1211 413
1021 414
993 415
1086 416
914 417
1043 418
967 419
979 420
960 421
933 422
1033 423
970 424
875 425
962 426
895 427
935 428
884 429
808 430
831 431
858 432
953 433
862 434
898 435
893 436
806 437
878 438
782 439
805 440
838 441
791 442
826 443
731 444
761 445
710 446
762 447
735 448
736 449
665 450
700 451
630 452
774 453
635 454
687 455
686 456
677 457
619 458
651 459
602 460
674 461
636 462
596 463
580 464
642 465
626 466
579 467
619 468
554 469
533 470
567 471
559 472
595 473
576 474
508 475
507 476
528 477
568 478
523 479
539 480
482 481
490 482
542 483
463 484
443 485
468 486
476 487
504 488
434 489
455 490
487 491
445 492
498 493
440 494
476 495
435 496
444 497
451 498
404 499
412 500
34 501
10 502
11 503
8 504
6 505
3 506
2 507
2 508
3 509
4 510
3 511
2 512
3 513
2 514
7 515
2 516
1 517
1 518
1 519
1 520
3 523
1 524
1 525
1 527
1 528
1 529
4 531
1 532
3 533
2 535
1 540
2 541
