1 24
5 26
6 27
3 28
2 29
1 30
5 31
1 32
7 33
6 34
295 35
441 36
500 37
904 38
7065 39
18161 40
11512 41
2769 42
1468 43
1582 44
2131 45
2682 46
2678 47
3519 48
8709 49
29818 50
33522 51
14230 52
5207 53
4043 54
4427 55
5198 56
5281 57
5590 58
6564 59
11195 60
17807 61
15015 62
8753 63
5320 64
4878 65
5053 66
5490 67
5889 68
6173 69
7402 70
9275 71
10039 72
8049 73
5726 74
5151 75
5299 76
5212 77
5700 78
5708 79
5977 80
6603 81
7822 82
6680 83
5856 84
5207 85
4642 86
4899 87
4756 88
4856 89
4910 90
5056 91
5885 92
5770 93
5354 94
4816 95
4313 96
4491 97
4355 98
4284 99
4111 100
4153 101
4667 102
4703 103
4305 104
4234 105
3805 106
4039 107
3788 108
3861 109
3844 110
3753 111
4060 112
3996 113
3829 114
3770 115
3721 116
3624 117
3595 118
3542 119
3295 120
3498 121
3415 122
3272 123
3629 124
3266 125
3394 126
3283 127
3218 128
3273 129
3017 130
2996 131
2969 132
3070 133
3122 134
2901 135
2923 136
2917 137
2743 138
3079 139
2798 140
2775 141
2717 142
2686 143
2895 144
2790 145
2936 146
2831 147
2670 148
2729 149
2540 150
2741 151
2544 152
2599 153
2406 154
2395 155
2545 156
2264 157
2342 158
2503 159
2353 160
2372 161
2201 162
2141 163
2278 164
2290 165
2459 166
2252 167
2289 168
2540 169
2217 170
2553 171
2038 172
2000 173
2297 174
2183 175
2182 176
2221 177
2109 178
2212 179
2327 180
2347 181
2217 182
1976 183
2040 184
2113 185
2344 186
2144 187
2055 188
2049 189
2022 190
2128 191
2135 192
2153 193
2307 194
2433 195
2342 196
2357 197
2377 198
1979 199
2244 200
2181 201
2127 202
2249 203
2104 204
2561 205
2341 206
2572 207
2475 208
2162 209
2367 210
2059 211
2308 212
2376 213
2315 214
2321 215
2231 216
2088 217
2223 218
2303 219
2208 220
1999 221
2180 222
2194 223
2373 224
2403 225
2270 226
2142 227
1940 228
2080 229
1912 230
1949 231
2100 232
2033 233
1968 234
2066 235
2010 236
1855 237
1852 238
1941 239
1824 240
1759 241
1716 242
1785 243
1888 244
1805 245
1712 246
1647 247
1638 248
1694 249
1714 250
1595 251
1538 252
1668 253
1544 254
1627 255
1485 256
1504 257
1525 258
1540 259
1479 260
1383 261
1394 262
1541 263
1415 264
1457 265
1414 266
1366 267
1442 268
1295 269
1347 270
1298 271
1216 272
1288 273
1284 274
1268 275
1356 276
1212 277
1437 278
1186 279
1154 280
1203 281
1263 282
1187 283
1275 284
1154 285
1213 286
1177 287
1080 288
1071 289
1090 290
1089 291
1086 292
1114 293
1168 294
1006 295
1087 296
1081 297
1013 298
988 299
940 300
1001 301
1012 302
1002 303
931 304
980 305
962 306
983 307
1031 308
979 309
1020 310
898 311
1034 312
1027 313
924 314
996 315
949 316
888 317
927 318
848 319
857 320
852 321
875 322
870 323
811 324
940 325
841 326
900 327
929 328
836 329
909 330
817 331
890 332
820 333
843 334
903 335
826 336
809 337
768 338
775 339
824 340
792 341
801 342
748 343
837 344
770 345
825 346
816 347
790 348
786 349
769 350
796 351
817 352
695 353
756 354
776 355
808 356
779 357
755 358
733 359
662 360
736 361
778 362
734 363
756 364
668 365
689 366
714 367
709 368
659 369
726 370
746 371
683 372
681 373
615 374
692 375
678 376
650 377
655 378
660 379
613 380
592 381
617 382
623 383
612 384
625 385
655 386
590 387
629 388
586 389
527 390
581 391
534 392
545 393
514 394
621 395
527 396
544 397
506 398
505 399
510 400
511 401
487 402
518 403
481 404
497 405
521 406
481 407
510 408
470 409
441 410
493 411
482 412
523 413
457 414
435 415
474 416
401 417
425 418
435 419
421 420
446 421
423 422
452 423
400 424
393 425
415 426
388 427
423 428
363 429
345 430
420 431
327 432
414 433
379 434
354 435
369 436
347 437
352 438
314 439
367 440
348 441
357 442
366 443
334 444
344 445
277 446
311 447
325 448
314 449
295 450
304 451
257 452
310 453
275 454
322 455
286 456
279 457
297 458
289 459
270 460
260 461
302 462
285 463
258 464
263 465
223 466
259 467
252 468
246 469
247 470
240 471
255 472
248 473
230 474
233 475
246 476
222 477
244 478
231 479
208 480
224 481
224 482
206 483
214 484
192 485
192 486
220 487
192 488
193 489
183 490
174 491
190 492
206 493
187 494
199 495
192 496
178 497
198 498
163 499
159 500
11 501
10 502
5 503
2 504
1 505
3 506
3 507
1 508
4 509
3 510
2 511
3 512
1 513
2 515
3 516
1 517
1 518
2 520
1 522
2 523
2 524
1 526
5 528
2 530
2 531
1 532
1 534
3 536
1 539
1 540
