1 23
1 26
1 27
1 28
2 29
5 30
2 31
6 32
1 33
5 34
553 35
911 36
960 37
1823 38
12121 39
32059 40
19877 41
4561 42
2518 43
3067 44
3977 45
4869 46
5091 47
6137 48
14012 49
51778 50
62052 51
27212 52
9432 53
7453 54
7920 55
9211 56
9544 57
10870 58
13100 59
20945 60
35085 61
29055 62
16442 63
9873 64
9305 65
9867 66
10773 67
11876 68
12789 69
14728 70
18253 71
20015 72
16142 73
11284 74
15552 75
21087 76
10742 77
11750 78
12137 79
12617 80
13766 81
16426 82
14797 83
12414 84
11061 85
9830 86
10345 87
10127 88
10127 89
10437 90
10587 91
12432 92
12456 93
11213 94
10338 95
9269 96
9307 97
9362 98
8866 99
8689 100
9216 101
9990 102
9800 103
9547 104
8981 105
8232 106
8797 107
8183 108
8168 109
8090 110
8299 111
8517 112
8518 113
8154 114
8169 115
7975 116
7996 117
7370 118
7451 119
6868 120
7390 121
7056 122
7079 123
7673 124
6991 125
7461 126
6941 127
6572 128
6867 129
6211 130
6359 131
6296 132
6432 133
6446 134
6395 135
6297 136
6266 137
5760 138
6167 139
5873 140
5618 141
5763 142
5507 143
5880 144
5755 145
5823 146
6045 147
5513 148
5542 149
5203 150
5349 151
4926 152
5012 153
5042 154
5012 155
5218 156
4924 157
4907 158
4996 159
4749 160
4831 161
4460 162
4479 163
4683 164
4410 165
4900 166
4362 167
4368 168
4875 169
4466 170
4968 171
4063 172
4003 173
4389 174
4218 175
4324 176
4470 177
4032 178
4265 179
4379 180
4215 181
4260 182
3821 183
3922 184
3802 185
4307 186
4066 187
3736 188
4045 189
3919 190
3883 191
3848 192
3864 193
4165 194
4049 195
4082 196
3982 197
4009 198
3577 199
4027 200
3651 201
3936 202
3893 203
3616 204
4227 205
3930 206
4046 207
4364 208
3530 209
4008 210
3418 211
4090 212
3861 213
3822 214
3630 215
3526 216
3515 217
3666 218
3714 219
3564 220
3466 221
3530 222
3731 223
3868 224
3727 225
3581 226
3560 227
3257 228
3416 229
3316 230
3194 231
3506 232
3256 233
3189 234
3255 235
3216 236
3065 237
2998 238
3177 239
3134 240
3246 241
2906 242
3042 243
3176 244
3003 245
2763 246
2825 247
2740 248
2654 249
2707 250
2868 251
2759 252
2841 253
2763 254
2835 255
2480 256
2689 257
2582 258
2463 259
2564 260
2304 261
2563 262
2753 263
2423 264
2441 265
2471 266
2382 267
2429 268
2202 269
2335 270
2352 271
2203 272
2401 273
2027 274
2294 275
2307 276
2153 277
2396 278
2008 279
2069 280
2054 281
2201 282
2084 283
2231 284
1975 285
2266 286
2080 287
1910 288
1962 289
1810 290
1838 291
1930 292
1900 293
1970 294
1773 295
1902 296
1840 297
1847 298
1770 299
1728 300
1759 301
1754 302
1757 303
1708 304
1728 305
1697 306
1696 307
1702 308
1723 309
1718 310
1562 311
1629 312
1800 313
1588 314
1654 315
1628 316
1502 317
1613 318
1483 319
1529 320
1503 321
1556 322
1524 323
1418 324
1562 325
1415 326
1553 327
1457 328
1433 329
1525 330
1371 331
1484 332
1385 333
1407 334
1410 335
1383 336
1457 337
1399 338
1263 339
1370 340
1355 341
1244 342
1284 343
1255 344
1299 345
1413 346
1375 347
1312 348
1352 349
1283 350
1276 351
1172 352
1139 353
1230 354
1249 355
1265 356
1221 357
1227 358
1236 359
1113 360
1099 361
1217 362
1202 363
1242 364
1073 365
1141 366
1070 367
1106 368
1014 369
1168 370
1142 371
1130 372
1022 373
1001 374
1051 375
1095 376
948 377
1074 378
1053 379
990 380
939 381
991 382
965 383
955 384
995 385
948 386
936 387
924 388
932 389
985 390
886 391
819 392
906 393
859 394
929 395
875 396
839 397
830 398
827 399
825 400
821 401
752 402
808 403
704 404
794 405
773 406
720 407
771 408
750 409
762 410
707 411
706 412
753 413
689 414
651 415
703 416
590 417
677 418
676 419
599 420
664 421
622 422
647 423
631 424
594 425
599 426
591 427
622 428
564 429
552 430
551 431
575 432
594 433
570 434
541 435
554 436
563 437
530 438
516 439
593 440
467 441
514 442
558 443
488 444
479 445
482 446
501 447
490 448
482 449
436 450
442 451
417 452
502 453
416 454
448 455
403 456
400 457
392 458
393 459
418 460
385 461
418 462
424 463
410 464
357 465
341 466
389 467
357 468
357 469
314 470
355 471
350 472
343 473
360 474
330 475
333 476
339 477
363 478
324 479
321 480
292 481
316 482
334 483
290 484
297 485
276 486
295 487
304 488
282 489
269 490
289 491
250 492
311 493
295 494
260 495
244 496
269 497
282 498
252 499
197 500
18 501
11 502
6 503
3 504
6 505
3 506
4 507
1 508
2 509
4 510
3 511
1 513
1 514
3 515
2 516
1 518
2 520
3 521
1 522
1 524
2 526
2 527
1 528
1 530
1 531
1 546
1 547
