3 24
3 25
6 26
3 27
3 28
7 29
9 30
13 31
11 32
9 33
12 34
268 35
425 36
501 37
800 38
4394 39
14326 40
10276 41
2833 42
2142 43
2707 44
3482 45
4473 46
4619 47
5136 48
8639 49
28420 50
34635 51
15665 52
7911 53
7870 54
8322 55
9315 56
9433 57
9360 58
9682 59
14355 60
21566 61
19092 62
13086 63
10521 64
10655 65
10760 66
11292 67
11359 68
10873 69
11581 70
13529 71
14586 72
13293 73
11437 74
16385 75
21423 76
11846 77
12296 78
11702 79
11698 80
11976 81
13739 82
12685 83
12342 84
12242 85
11455 86
11816 87
10975 88
10659 89
10450 90
10321 91
11690 92
11558 93
11527 94
11441 95
10696 96
11038 97
10578 98
9889 99
9633 100
9565 101
9949 102
9944 103
9746 104
10024 105
9683 106
10273 107
9603 108
9202 109
9183 110
8858 111
8884 112
8918 113
8664 114
8828 115
9156 116
9613 117
9073 118
8834 119
8076 120
8288 121
7660 122
7594 123
8026 124
7888 125
8344 126
7907 127
7811 128
7811 129
7306 130
7128 131
6973 132
6836 133
6870 134
7041 135
6948 136
7329 137
7162 138
7464 139
6948 140
6398 141
6580 142
6260 143
6611 144
6478 145
6554 146
6899 147
6726 148
6586 149
6060 150
6308 151
5736 152
5865 153
5522 154
5543 155
5828 156
5565 157
5725 158
5935 159
5709 160
5721 161
5231 162
5044 163
5128 164
5139 165
5544 166
5322 167
5345 168
6074 169
5397 170
6012 171
5006 172
4845 173
4947 174
4806 175
4989 176
4994 177
4926 178
5149 179
5350 180
5208 181
5012 182
4730 183
4533 184
4526 185
4976 186
4902 187
4709 188
4883 189
4689 190
4784 191
4494 192
4654 193
4777 194
4786 195
4977 196
4815 197
5008 198
4404 199
4811 200
4869 201
4900 202
4765 203
4330 204
5086 205
4640 206
4881 207
5164 208
4465 209
5068 210
4376 211
4966 212
4760 213
4733 214
4679 215
4361 216
4391 217
4512 218
4665 219
4446 220
4237 221
4478 222
4591 223
4594 224
4469 225
4380 226
4155 227
3904 228
4178 229
3976 230
4024 231
4259 232
4120 233
4029 234
4083 235
3874 236
3761 237
3737 238
3928 239
3719 240
3916 241
3711 242
3821 243
3808 244
3685 245
3612 246
3349 247
3442 248
3382 249
3486 250
3522 251
3455 252
3527 253
3393 254
3511 255
3128 256
3352 257
3196 258
3186 259
3160 260
2961 261
3162 262
3431 263
3125 264
3104 265
3092 266
2960 267
3036 268
2785 269
2901 270
2850 271
2884 272
3163 273
2710 274
2800 275
3000 276
2727 277
2887 278
2634 279
2452 280
2680 281
2746 282
2584 283
2870 284
2622 285
2849 286
2545 287
2408 288
2479 289
2213 290
2403 291
2472 292
2497 293
2545 294
2292 295
2411 296
2380 297
2252 298
2252 299
2247 300
2183 301
2280 302
2226 303
2180 304
2223 305
2205 306
2154 307
2305 308
2171 309
2176 310
2069 311
2180 312
2245 313
2060 314
2233 315
2055 316
2088 317
2079 318
1960 319
1898 320
1878 321
1932 322
2072 323
1788 324
2039 325
1884 326
2037 327
1944 328
1843 329
1991 330
1755 331
1810 332
1824 333
1664 334
1911 335
1827 336
1893 337
1779 338
1686 339
1791 340
1696 341
1585 342
1580 343
1656 344
1688 345
1731 346
1809 347
1762 348
1811 349
1622 350
1792 351
1618 352
1604 353
1501 354
1716 355
1611 356
1691 357
1517 358
1627 359
1478 360
1608 361
1586 362
1528 363
1615 364
1398 365
1521 366
1403 367
1504 368
1435 369
1490 370
1463 371
1385 372
1408 373
1348 374
1383 375
1395 376
1508 377
1403 378
1402 379
1339 380
1263 381
1263 382
1279 383
1324 384
1362 385
1304 386
1325 387
1313 388
1217 389
1210 390
1197 391
1159 392
1185 393
1098 394
1269 395
1148 396
1149 397
1138 398
1170 399
1079 400
1156 401
1034 402
1138 403
1107 404
1066 405
1124 406
957 407
1054 408
1049 409
988 410
1086 411
1044 412
1013 413
921 414
892 415
934 416
866 417
955 418
895 419
920 420
913 421
931 422
912 423
885 424
812 425
850 426
834 427
840 428
800 429
743 430
832 431
814 432
854 433
814 434
790 435
769 436
799 437
802 438
746 439
781 440
762 441
728 442
807 443
744 444
674 445
633 446
718 447
679 448
595 449
639 450
627 451
620 452
677 453
603 454
600 455
546 456
607 457
606 458
606 459
512 460
598 461
580 462
574 463
553 464
542 465
529 466
523 467
534 468
485 469
461 470
546 471
528 472
515 473
502 474
469 475
471 476
454 477
505 478
459 479
446 480
491 481
435 482
470 483
425 484
453 485
439 486
417 487
417 488
439 489
388 490
401 491
413 492
433 493
355 494
362 495
382 496
392 497
403 498
377 499
370 500
30 501
11 502
8 503
9 504
8 505
4 506
5 507
1 508
3 509
1 510
1 511
4 512
5 513
5 514
5 515
5 516
8 517
1 518
3 519
5 520
3 521
1 522
2 523
2 525
3 526
4 528
4 530
3 531
2 533
1 536
1 538
1 541
