2 24
2 26
3 28
3 29
6 30
10 31
9 32
8 33
16 34
3380 35
5812 36
5835 37
10581 38
67045 39
144275 40
84006 41
17804 42
8121 43
8323 44
9870 45
11337 46
10918 47
13709 48
35547 49
115114 50
116548 51
45913 52
14507 53
10474 54
11085 55
12568 56
13227 57
16753 58
20624 59
35929 60
57880 61
46058 62
24608 63
13780 64
12953 65
13965 66
15726 67
18578 68
21084 69
24887 70
31296 71
34622 72
26263 73
17178 74
25378 75
36197 76
15253 77
17476 78
18696 79
20060 80
22076 81
26370 82
22945 83
18624 84
15562 85
13455 86
14175 87
13766 88
14134 89
15254 90
15911 91
19269 92
18644 93
16609 94
14306 95
12278 96
12542 97
12331 98
11957 99
11895 100
12614 101
13974 102
13921 103
13461 104
12271 105
10810 106
11105 107
10520 108
10664 109
10785 110
10937 111
11316 112
11261 113
10962 114
10506 115
10220 116
9883 117
9247 118
9437 119
8738 120
9250 121
9111 122
9157 123
9636 124
8736 125
8875 126
8292 127
7906 128
8233 129
7413 130
7566 131
7612 132
7737 133
7862 134
7553 135
7268 136
7238 137
6790 138
7152 139
6712 140
6575 141
6788 142
6465 143
7012 144
6474 145
6546 146
6567 147
6062 148
6131 149
5738 150
6056 151
5576 152
5833 153
5760 154
5633 155
5960 156
5480 157
5374 158
5600 159
5256 160
5486 161
5119 162
5012 163
5458 164
5492 165
5788 166
5135 167
5172 168
6173 169
5573 170
6215 171
5017 172
4795 173
5243 174
5423 175
5409 176
5438 177
4945 178
5129 179
5457 180
5596 181
5254 182
4811 183
4955 184
5080 185
5626 186
5321 187
4629 188
4592 189
4759 190
4787 191
4838 192
5204 193
5721 194
6040 195
5916 196
5496 197
5106 198
4522 199
5010 200
5159 201
5550 202
5458 203
5610 204
6191 205
5678 206
5681 207
5603 208
5009 209
5376 210
4779 211
5700 212
5465 213
5610 214
5364 215
4929 216
4756 217
4832 218
4724 219
4700 220
4609 221
5016 222
5225 223
5244 224
4842 225
4540 226
4293 227
3931 228
3950 229
3777 230
3816 231
4278 232
4104 233
4105 234
4019 235
3904 236
3604 237
3303 238
3387 239
3237 240
3183 241
3111 242
3271 243
3310 244
3199 245
2973 246
2961 247
2846 248
2618 249
2620 250
2697 251
2748 252
2703 253
2583 254
2688 255
2374 256
2413 257
2490 258
2291 259
2237 260
2095 261
2175 262
2347 263
2179 264
2143 265
2230 266
1958 267
2100 268
1787 269
1867 270
1865 271
1873 272
1997 273
1727 274
1720 275
1865 276
1703 277
1852 278
1599 279
1516 280
1556 281
1688 282
1525 283
1762 284
1554 285
1612 286
1596 287
1422 288
1373 289
1416 290
1409 291
1383 292
1395 293
1370 294
1261 295
1394 296
1374 297
1348 298
1168 299
1294 300
1258 301
1274 302
1187 303
1148 304
1216 305
1168 306
1127 307
1258 308
1171 309
1243 310
1102 311
1178 312
1283 313
1030 314
1159 315
1205 316
1089 317
1155 318
1117 319
1184 320
1057 321
1233 322
1106 323
1002 324
1152 325
1030 326
1187 327
1194 328
1039 329
1246 330
1082 331
1124 332
1098 333
997 334
1144 335
1164 336
1158 337
1162 338
1121 339
1130 340
1097 341
1079 342
996 343
1086 344
1088 345
1152 346
1162 347
1112 348
1129 349
1114 350
1098 351
1006 352
1118 353
1009 354
1000 355
1142 356
1060 357
1073 358
1165 359
1031 360
1092 361
1047 362
1032 363
1041 364
931 365
961 366
980 367
957 368
1000 369
992 370
1003 371
976 372
903 373
891 374
970 375
875 376
906 377
898 378
878 379
855 380
846 381
868 382
737 383
824 384
848 385
757 386
777 387
810 388
793 389
766 390
834 391
735 392
807 393
694 394
728 395
663 396
701 397
614 398
655 399
662 400
629 401
588 402
632 403
554 404
630 405
642 406
533 407
589 408
553 409
541 410
544 411
489 412
613 413
462 414
537 415
501 416
453 417
528 418
522 419
421 420
446 421
459 422
504 423
432 424
438 425
426 426
395 427
422 428
414 429
362 430
409 431
363 432
385 433
376 434
353 435
387 436
342 437
379 438
327 439
355 440
323 441
351 442
335 443
322 444
337 445
322 446
297 447
362 448
299 449
251 450
280 451
301 452
323 453
296 454
274 455
281 456
270 457
261 458
253 459
246 460
259 461
274 462
272 463
226 464
232 465
225 466
228 467
229 468
219 469
233 470
253 471
219 472
243 473
198 474
197 475
201 476
175 477
223 478
217 479
208 480
180 481
189 482
210 483
212 484
193 485
203 486
189 487
187 488
173 489
159 490
173 491
170 492
195 493
176 494
173 495
196 496
171 497
166 498
156 499
178 500
17 501
3 502
4 503
3 504
2 505
2 506
1 510
2 511
1 513
1 514
1 515
2 516
1 522
3 526
1 527
1 531
1 536
1 543
