1 24
5 30
2 31
1 33
3 34
81 35
128 36
147 37
247 38
1889 39
8716 40
6767 41
1517 42
975 43
1227 44
1582 45
1941 46
2009 47
2179 48
3960 49
16504 50
23266 51
9844 52
3606 53
3116 54
3236 55
3704 56
3668 57
3594 58
3744 59
5892 60
10891 61
9777 62
5763 63
3900 64
3673 65
3821 66
4083 67
4010 68
3903 69
4430 70
5652 71
6530 72
5670 73
4283 74
6033 75
7463 76
4296 77
4402 78
4231 79
4135 80
4474 81
5315 82
5071 83
4699 84
4542 85
4031 86
4139 87
3938 88
3798 89
3950 90
4069 91
4541 92
4672 93
4522 94
4197 95
3747 96
4064 97
3816 98
3754 99
3599 100
3700 101
3810 102
3798 103
3719 104
3757 105
3460 106
3860 107
3680 108
3591 109
3526 110
3471 111
3580 112
3381 113
3330 114
3448 115
3592 116
3697 117
3509 118
3448 119
3202 120
3337 121
3151 122
3216 123
3285 124
3039 125
3390 126
3301 127
3138 128
3281 129
2911 130
2858 131
3020 132
2934 133
2907 134
2917 135
2920 136
2977 137
2773 138
3153 139
2950 140
2788 141
2798 142
2717 143
2890 144
2697 145
2916 146
2882 147
2772 148
2831 149
2632 150
2717 151
2482 152
2663 153
2545 154
2424 155
2568 156
2420 157
2511 158
2589 159
2476 160
2468 161
2141 162
2304 163
2296 164
2205 165
2624 166
2243 167
2270 168
2465 169
2241 170
2557 171
2116 172
2108 173
2223 174
2202 175
2149 176
2171 177
2248 178
2348 179
2340 180
2192 181
2332 182
2027 183
2054 184
2071 185
2194 186
2157 187
1966 188
2057 189
2001 190
2014 191
2028 192
2072 193
2093 194
2126 195
2113 196
2068 197
1998 198
1846 199
2121 200
1966 201
2069 202
1968 203
1803 204
2112 205
1896 206
1962 207
2153 208
1822 209
2132 210
1756 211
1996 212
1956 213
1879 214
1931 215
1959 216
1780 217
1783 218
1846 219
1803 220
1748 221
1759 222
1861 223
1942 224
1776 225
1852 226
1857 227
1657 228
1707 229
1631 230
1650 231
1790 232
1709 233
1691 234
1674 235
1638 236
1571 237
1464 238
1655 239
1577 240
1613 241
1582 242
1572 243
1622 244
1574 245
1444 246
1393 247
1498 248
1452 249
1474 250
1485 251
1457 252
1493 253
1442 254
1409 255
1294 256
1373 257
1313 258
1347 259
1389 260
1261 261
1295 262
1368 263
1256 264
1262 265
1287 266
1205 267
1222 268
1044 269
1173 270
1171 271
1179 272
1240 273
1169 274
1108 275
1200 276
1113 277
1229 278
1046 279
1079 280
1133 281
1126 282
1074 283
1180 284
1043 285
1198 286
1032 287
998 288
979 289
953 290
970 291
980 292
964 293
1064 294
992 295
936 296
965 297
978 298
882 299
905 300
916 301
922 302
971 303
835 304
870 305
860 306
836 307
865 308
910 309
846 310
797 311
824 312
997 313
777 314
807 315
852 316
827 317
813 318
780 319
826 320
748 321
749 322
760 323
713 324
786 325
750 326
882 327
833 328
735 329
749 330
704 331
745 332
765 333
634 334
740 335
723 336
761 337
667 338
699 339
731 340
690 341
693 342
646 343
670 344
640 345
691 346
685 347
681 348
674 349
640 350
745 351
587 352
595 353
576 354
624 355
591 356
710 357
592 358
597 359
561 360
613 361
619 362
578 363
605 364
593 365
629 366
581 367
573 368
525 369
582 370
622 371
578 372
532 373
528 374
546 375
556 376
534 377
534 378
521 379
528 380
514 381
519 382
486 383
538 384
562 385
467 386
476 387
530 388
498 389
511 390
505 391
465 392
461 393
426 394
499 395
459 396
453 397
427 398
468 399
410 400
455 401
381 402
416 403
406 404
426 405
408 406
389 407
417 408
390 409
402 410
370 411
396 412
386 413
359 414
333 415
398 416
368 417
391 418
359 419
363 420
370 421
333 422
367 423
360 424
366 425
382 426
324 427
335 428
317 429
296 430
299 431
297 432
358 433
323 434
314 435
319 436
313 437
286 438
317 439
317 440
294 441
248 442
290 443
242 444
246 445
261 446
261 447
279 448
256 449
260 450
238 451
260 452
286 453
223 454
252 455
223 456
250 457
239 458
228 459
216 460
234 461
257 462
232 463
223 464
214 465
197 466
237 467
225 468
222 469
181 470
177 471
217 472
200 473
211 474
159 475
201 476
209 477
230 478
172 479
194 480
193 481
192 482
164 483
183 484
172 485
164 486
170 487
177 488
182 489
135 490
155 491
145 492
185 493
151 494
167 495
131 496
140 497
144 498
188 499
137 500
18 501
4 502
4 503
2 504
3 505
2 507
2 508
1 509
3 510
1 511
1 512
1 513
1 514
5 515
2 521
1 524
1 525
1 531
1 536
1 540
1 543
1 547
