1 23
5 25
5 26
3 27
4 28
6 29
10 30
15 31
13 32
5 33
14 34
2023 35
2914 36
2841 37
4018 38
17262 39
38979 40
25058 41
8094 42
6993 43
9739 44
12602 45
12873 46
11462 47
12558 48
23097 49
58011 50
58336 51
26423 52
15931 53
17677 54
20984 55
20527 56
18455 57
19807 58
21950 59
29372 60
36999 61
30137 62
23515 63
23424 64
26821 65
26426 66
23554 67
24097 68
25133 69
26563 70
27396 71
27838 72
25059 73
22767 74
34216 75
46631 76
22507 77
23074 78
24252 79
25546 80
24620 81
26171 82
24647 83
23838 84
22853 85
20976 86
20541 87
19384 88
19229 89
19946 90
19359 91
22242 92
22150 93
21154 94
20844 95
18858 96
19158 97
18186 98
17249 99
16806 100
17081 101
18791 102
18561 103
18706 104
18741 105
17283 106
17685 107
16690 108
16068 109
15687 110
15384 111
16173 112
16517 113
16026 114
16319 115
16424 116
16256 117
15124 118
14939 119
13429 120
14033 121
13391 122
13613 123
15008 124
14491 125
14909 126
14005 127
13206 128
13195 129
11919 130
11877 131
12131 132
12087 133
12437 134
12419 135
12658 136
13207 137
12907 138
12797 139
11198 140
10786 141
10990 142
10846 143
11454 144
11550 145
11835 146
12130 147
11754 148
11276 149
10765 150
11172 151
9907 152
10139 153
9906 154
10002 155
10965 156
10355 157
10478 158
10776 159
10069 160
9971 161
9024 162
9080 163
9530 164
10068 165
10579 166
9841 167
10203 168
10865 169
9809 170
10204 171
8672 172
8488 173
9176 174
9473 175
9720 176
10297 177
9847 178
9870 179
9831 180
9084 181
8907 182
8184 183
8463 184
8792 185
9463 186
9453 187
9261 188
9218 189
8762 190
8359 191
8196 192
8352 193
8775 194
9336 195
9263 196
9328 197
9235 198
8435 199
9250 200
8586 201
8660 202
8246 203
8173 204
9322 205
8701 206
9224 207
9503 208
8156 209
8831 210
8073 211
8568 212
7943 213
8321 214
8165 215
7951 216
7858 217
8208 218
8244 219
7913 220
7655 221
7784 222
7631 223
7774 224
7565 225
7625 226
7548 227
7148 228
7378 229
6886 230
6983 231
7219 232
6990 233
6692 234
6687 235
6614 236
6428 237
6527 238
6628 239
6477 240
6503 241
6267 242
6139 243
6211 244
5849 245
5512 246
5667 247
5731 248
5636 249
5625 250
5601 251
5561 252
5739 253
5305 254
5534 255
4974 256
5102 257
5217 258
5013 259
5050 260
4748 261
4840 262
5191 263
4633 264
4754 265
4614 266
4396 267
4765 268
4264 269
4415 270
4368 271
4248 272
4578 273
4090 274
4152 275
4172 276
4063 277
4450 278
4032 279
3816 280
4073 281
4024 282
3940 283
4079 284
3817 285
3951 286
3759 287
3568 288
3552 289
3540 290
3526 291
3694 292
3525 293
3570 294
3354 295
3471 296
3283 297
3391 298
3154 299
3244 300
3237 301
3305 302
3256 303
3109 304
3139 305
3068 306
2953 307
3206 308
2972 309
3115 310
2881 311
2964 312
3130 313
2883 314
3038 315
2926 316
2704 317
2736 318
2755 319
2844 320
2727 321
2729 322
2749 323
2537 324
2734 325
2675 326
2778 327
2609 328
2517 329
2666 330
2548 331
2645 332
2577 333
2526 334
2603 335
2588 336
2651 337
2470 338
2373 339
2385 340
2464 341
2354 342
2335 343
2467 344
2430 345
2434 346
2490 347
2336 348
2462 349
2351 350
2473 351
2254 352
2199 353
2326 354
2347 355
2228 356
2218 357
2118 358
2269 359
2011 360
2192 361
2168 362
2158 363
2174 364
2044 365
2195 366
2034 367
2077 368
1922 369
1990 370
2101 371
2025 372
1962 373
1879 374
1843 375
1884 376
1872 377
1816 378
1754 379
1823 380
1785 381
1725 382
1749 383
1708 384
1715 385
1757 386
1710 387
1693 388
1712 389
1644 390
1556 391
1512 392
1611 393
1563 394
1660 395
1511 396
1501 397
1454 398
1479 399
1398 400
1466 401
1309 402
1428 403
1304 404
1335 405
1336 406
1304 407
1295 408
1268 409
1270 410
1270 411
1194 412
1286 413
1180 414
1076 415
1134 416
1063 417
1165 418
1014 419
1084 420
1121 421
1046 422
1090 423
1109 424
1107 425
1005 426
964 427
983 428
1025 429
866 430
940 431
915 432
903 433
933 434
865 435
861 436
801 437
866 438
824 439
842 440
818 441
830 442
837 443
697 444
771 445
731 446
716 447
727 448
710 449
665 450
673 451
650 452
740 453
684 454
683 455
629 456
658 457
551 458
652 459
578 460
613 461
609 462
584 463
535 464
549 465
503 466
605 467
518 468
502 469
463 470
489 471
509 472
498 473
541 474
459 475
470 476
466 477
509 478
469 479
449 480
431 481
410 482
436 483
440 484
394 485
430 486
420 487
442 488
423 489
331 490
402 491
369 492
380 493
375 494
395 495
363 496
341 497
344 498
342 499
339 500
24 501
11 502
9 503
4 504
3 506
3 507
4 508
4 509
1 510
4 511
1 512
7 513
1 514
4 515
1 517
1 518
2 520
2 521
1 522
2 523
1 524
2 525
3 526
1 527
1 529
3 533
1 534
1 541
