1 22
2 24
1 25
2 26
3 27
4 28
4 30
6 31
7 32
2 33
8 34
117 35
168 36
191 37
430 38
3822 39
21201 40
14930 41
2545 42
1101 43
1067 44
1454 45
1887 46
2211 47
2607 48
5482 49
33690 50
56423 51
22964 52
5654 53
3617 54
3668 55
4572 56
5216 57
5434 58
5808 59
10479 60
24927 61
24950 62
12037 63
5658 64
4781 65
5037 66
5842 67
6328 68
6110 69
7282 70
10359 71
13856 72
11349 73
7071 74
5804 75
5891 76
5908 77
6684 78
6551 79
6651 80
7365 81
9598 82
9126 83
7522 84
6391 85
5551 86
6091 87
5695 88
6025 89
6184 90
6201 91
7298 92
7475 93
6951 94
6198 95
5448 96
5621 97
5716 98
5644 99
5752 100
5575 101
6159 102
6059 103
5778 104
5593 105
5121 106
5368 107
5224 108
5355 109
5372 110
5268 111
5498 112
5342 113
5191 114
5260 115
5098 116
5178 117
4917 118
5002 119
4706 120
5117 121
4889 122
4732 123
5079 124
4712 125
4707 126
4557 127
4420 128
4687 129
4432 130
4507 131
4404 132
4458 133
4495 134
4439 135
4295 136
4357 137
4036 138
4355 139
4159 140
4178 141
4618 142
4270 143
4363 144
4145 145
4172 146
4314 147
4000 148
3894 149
3840 150
4127 151
3902 152
3928 153
3960 154
3734 155
3892 156
3534 157
3695 158
3759 159
3607 160
3903 161
3624 162
3694 163
3975 164
3700 165
3807 166
3485 167
3495 168
3850 169
3496 170
4018 171
3367 172
3418 173
3858 174
3557 175
3444 176
3550 177
3289 178
3340 179
3500 180
3501 181
3634 182
3232 183
3374 184
3403 185
3611 186
3442 187
3287 188
3225 189
3085 190
3164 191
3212 192
3383 193
3515 194
3663 195
3578 196
3550 197
3467 198
3074 199
3346 200
3226 201
3627 202
3386 203
3250 204
3828 205
3469 206
3642 207
3723 208
3088 209
3583 210
3141 211
3589 212
3569 213
3608 214
3622 215
3345 216
3243 217
3364 218
3367 219
3229 220
3154 221
3310 222
3366 223
3630 224
3590 225
3447 226
3184 227
2894 228
3136 229
2931 230
2822 231
3012 232
3071 233
2888 234
3243 235
3131 236
2754 237
2872 238
2996 239
2766 240
2865 241
2581 242
2857 243
2869 244
2932 245
2820 246
2629 247
2618 248
2625 249
2713 250
2689 251
2470 252
2545 253
2519 254
2583 255
2420 256
2513 257
2481 258
2432 259
2453 260
2252 261
2241 262
2475 263
2308 264
2407 265
2417 266
2330 267
2385 268
2113 269
2213 270
2170 271
2143 272
2136 273
2013 274
2067 275
2209 276
2054 277
2310 278
2044 279
1855 280
2009 281
2168 282
1963 283
2234 284
1981 285
2191 286
1955 287
1852 288
1973 289
1815 290
1855 291
1775 292
1834 293
1856 294
1723 295
1906 296
1829 297
1856 298
1729 299
1748 300
1772 301
1684 302
1740 303
1609 304
1610 305
1669 306
1646 307
1736 308
1710 309
1775 310
1624 311
1553 312
1704 313
1531 314
1595 315
1631 316
1552 317
1650 318
1540 319
1500 320
1529 321
1554 322
1532 323
1381 324
1560 325
1417 326
1596 327
1470 328
1392 329
1518 330
1438 331
1546 332
1438 333
1298 334
1377 335
1439 336
1552 337
1296 338
1339 339
1340 340
1299 341
1338 342
1221 343
1289 344
1340 345
1353 346
1446 347
1360 348
1376 349
1343 350
1478 351
1243 352
1249 353
1257 354
1308 355
1258 356
1277 357
1206 358
1182 359
1218 360
1156 361
1270 362
1195 363
1162 364
1151 365
1135 366
1128 367
1093 368
1006 369
1047 370
1167 371
1137 372
1051 373
980 374
1041 375
1035 376
967 377
935 378
995 379
976 380
893 381
1023 382
959 383
907 384
1001 385
922 386
987 387
947 388
897 389
913 390
856 391
842 392
858 393
780 394
914 395
853 396
887 397
761 398
839 399
798 400
774 401
742 402
765 403
716 404
768 405
823 406
714 407
726 408
780 409
694 410
683 411
644 412
701 413
669 414
683 415
681 416
600 417
665 418
613 419
618 420
617 421
606 422
655 423
607 424
533 425
559 426
528 427
586 428
512 429
495 430
565 431
558 432
522 433
527 434
520 435
572 436
500 437
567 438
455 439
525 440
480 441
441 442
465 443
479 444
434 445
409 446
439 447
442 448
416 449
440 450
435 451
369 452
404 453
360 454
422 455
360 456
379 457
328 458
379 459
340 460
354 461
342 462
374 463
305 464
348 465
314 466
348 467
328 468
323 469
338 470
329 471
294 472
289 473
304 474
302 475
298 476
273 477
330 478
283 479
257 480
270 481
259 482
255 483
219 484
229 485
236 486
249 487
276 488
224 489
230 490
208 491
232 492
210 493
231 494
195 495
209 496
214 497
214 498
198 499
192 500
13 501
3 502
3 503
2 504
5 505
1 506
2 507
1 508
2 509
4 510
3 511
3 512
1 514
2 515
2 516
1 517
1 520
1 521
1 525
1 526
1 527
2 528
1 535
1 536
