1 27
2 28
4 31
3 32
2 33
6 34
164 35
274 36
325 37
797 38
6070 39
19657 40
14325 41
3701 42
2251 43
2759 44
3330 45
4272 46
4402 47
5006 48
11543 49
40030 50
45948 51
18842 52
7018 53
5743 54
5845 55
6774 56
6603 57
6941 58
7932 59
13455 60
21939 61
17888 62
10462 63
6908 64
6345 65
6700 66
7182 67
7583 68
7637 69
9223 70
11140 71
12305 72
10008 73
7372 74
10372 75
13547 76
7105 77
7633 78
7611 79
7896 80
8524 81
10230 82
9100 83
7954 84
7290 85
6548 86
6748 87
6344 88
6471 89
6639 90
6696 91
7780 92
7894 93
7372 94
6713 95
6163 96
6170 97
6024 98
5780 99
5901 100
5916 101
6448 102
6344 103
6196 104
6080 105
5589 106
5881 107
5644 108
5627 109
5401 110
5461 111
5603 112
5522 113
5424 114
5527 115
5457 116
5549 117
5232 118
5109 119
4747 120
5151 121
4838 122
4678 123
5061 124
4893 125
5098 126
4705 127
4686 128
4842 129
4315 130
4601 131
4356 132
4391 133
4434 134
4307 135
4461 136
4455 137
4198 138
4460 139
4253 140
4019 141
4168 142
4078 143
4228 144
4093 145
4145 146
4304 147
4129 148
3948 149
3861 150
4112 151
3657 152
3720 153
3755 154
3681 155
3908 156
3665 157
3621 158
3865 159
3520 160
3691 161
3413 162
3384 163
3561 164
3520 165
3723 166
3356 167
3382 168
3674 169
3320 170
3852 171
3246 172
3201 173
3353 174
3210 175
3264 176
3389 177
3224 178
3229 179
3369 180
3388 181
3244 182
3057 183
2986 184
3042 185
3330 186
3201 187
3078 188
3015 189
3000 190
3013 191
2953 192
2876 193
3145 194
3226 195
3194 196
3125 197
3089 198
2751 199
3130 200
2878 201
3108 202
2933 203
2732 204
3326 205
2923 206
3164 207
3328 208
2798 209
3013 210
2772 211
3032 212
2908 213
3105 214
2978 215
2825 216
2735 217
2850 218
2796 219
2750 220
2719 221
2859 222
2860 223
2981 224
2905 225
2856 226
2745 227
2479 228
2677 229
2556 230
2596 231
2736 232
2644 233
2525 234
2551 235
2576 236
2456 237
2362 238
2559 239
2426 240
2472 241
2274 242
2353 243
2526 244
2277 245
2174 246
2191 247
2176 248
2224 249
2307 250
2220 251
2179 252
2226 253
2186 254
2149 255
2112 256
2141 257
2049 258
1961 259
2045 260
1898 261
1978 262
2143 263
1983 264
2031 265
1989 266
1879 267
1959 268
1842 269
1843 270
1828 271
1747 272
1898 273
1668 274
1781 275
1872 276
1720 277
1896 278
1752 279
1588 280
1648 281
1829 282
1672 283
1855 284
1666 285
1740 286
1676 287
1564 288
1603 289
1498 290
1563 291
1560 292
1556 293
1598 294
1411 295
1593 296
1519 297
1500 298
1409 299
1499 300
1446 301
1489 302
1443 303
1361 304
1373 305
1394 306
1397 307
1459 308
1422 309
1408 310
1320 311
1351 312
1432 313
1298 314
1377 315
1268 316
1364 317
1325 318
1257 319
1361 320
1239 321
1297 322
1279 323
1125 324
1288 325
1177 326
1336 327
1270 328
1204 329
1249 330
1124 331
1186 332
1181 333
1084 334
1174 335
1148 336
1162 337
1167 338
1070 339
1167 340
1034 341
1105 342
1078 343
1079 344
1123 345
1215 346
1177 347
1113 348
1112 349
1097 350
1127 351
1062 352
958 353
1004 354
1082 355
1040 356
1055 357
969 358
1019 359
900 360
1018 361
1053 362
942 363
1028 364
912 365
945 366
939 367
979 368
882 369
929 370
987 371
947 372
878 373
866 374
973 375
908 376
829 377
888 378
803 379
832 380
800 381
841 382
790 383
789 384
875 385
794 386
780 387
833 388
784 389
780 390
799 391
712 392
778 393
761 394
846 395
790 396
759 397
684 398
678 399
713 400
738 401
674 402
759 403
700 404
701 405
675 406
640 407
672 408
625 409
686 410
676 411
618 412
634 413
575 414
624 415
593 416
562 417
588 418
602 419
575 420
559 421
552 422
573 423
552 424
552 425
597 426
515 427
570 428
523 429
496 430
506 431
535 432
551 433
509 434
448 435
546 436
444 437
473 438
482 439
494 440
461 441
485 442
466 443
454 444
464 445
431 446
481 447
459 448
438 449
408 450
449 451
354 452
483 453
399 454
416 455
392 456
363 457
360 458
386 459
376 460
386 461
378 462
392 463
370 464
375 465
337 466
361 467
333 468
336 469
341 470
314 471
358 472
346 473
335 474
304 475
284 476
300 477
303 478
309 479
349 480
315 481
286 482
310 483
278 484
263 485
281 486
274 487
314 488
246 489
255 490
285 491
250 492
275 493
258 494
259 495
249 496
252 497
282 498
242 499
269 500
19 501
4 502
3 503
4 504
2 505
6 506
4 507
2 508
2 509
3 510
1 511
3 512
2 514
4 515
2 516
3 517
3 519
2 520
1 522
1 523
2 525
4 526
2 527
1 529
2 530
3 531
1 532
1 533
1 535
1 536
