2 22
2 24
1 25
4 27
3 28
3 29
3 30
4 31
3 32
2 33
4 34
75 35
124 36
194 37
417 38
2364 39
14982 40
13423 41
2621 42
1298 43
1580 44
1869 45
2538 46
2954 47
3330 48
4798 49
20870 50
38283 51
17806 52
5562 53
4058 54
4331 55
5173 56
5788 57
6034 58
6486 59
9496 60
20390 61
21615 62
12044 63
6762 64
6111 65
6572 66
7433 67
8040 68
7703 69
8455 70
10742 71
13567 72
12210 73
8385 74
9739 75
11233 76
7853 77
8655 78
8567 79
8355 80
8922 81
10488 82
10279 83
9240 84
8546 85
7516 86
7991 87
7524 88
7822 89
8138 90
7914 91
8695 92
9247 93
8647 94
8071 95
7325 96
7697 97
7548 98
7423 99
7721 100
7572 101
8081 102
7455 103
7608 104
7404 105
6849 106
7427 107
7156 108
7261 109
7752 110
7252 111
7759 112
7259 113
7250 114
6973 115
7146 116
7217 117
6931 118
7118 119
7001 120
7401 121
6950 122
6526 123
7009 124
6478 125
6865 126
6555 127
6334 128
6576 129
6006 130
6547 131
6449 132
6326 133
6350 134
6171 135
6196 136
6252 137
5789 138
6461 139
6083 140
5904 141
6272 142
6018 143
6329 144
6003 145
5910 146
6271 147
5807 148
5730 149
5563 150
5934 151
5723 152
5911 153
5502 154
5570 155
5669 156
5234 157
5225 158
5351 159
5090 160
5461 161
5273 162
5177 163
5498 164
5214 165
5509 166
4898 167
5143 168
5488 169
4919 170
5667 171
4894 172
4927 173
5451 174
5082 175
5072 176
5184 177
4678 178
4791 179
5040 180
5033 181
5274 182
4733 183
4818 184
4858 185
5136 186
4850 187
4614 188
4726 189
4341 190
4565 191
4565 192
4729 193
4883 194
4997 195
5260 196
4899 197
4896 198
4342 199
4784 200
4741 201
4877 202
4840 203
4356 204
5181 205
4638 206
4967 207
5098 208
4468 209
4862 210
4322 211
4898 212
4854 213
4852 214
4798 215
4534 216
4709 217
4624 218
4691 219
4471 220
4234 221
4445 222
4661 223
4868 224
4731 225
4609 226
4633 227
4112 228
4445 229
4091 230
3990 231
4541 232
4400 233
4044 234
4383 235
4200 236
4113 237
4090 238
4296 239
3933 240
4089 241
3887 242
4006 243
4123 244
3967 245
3808 246
3775 247
3863 248
3723 249
3975 250
3920 251
3763 252
3858 253
3986 254
3841 255
3547 256
3832 257
3612 258
3686 259
3839 260
3332 261
3654 262
3762 263
3296 264
3497 265
3549 266
3516 267
3589 268
3319 269
3392 270
3344 271
3309 272
3489 273
3099 274
3243 275
3320 276
3231 277
3532 278
3162 279
2963 280
3156 281
3328 282
3046 283
3345 284
3059 285
3276 286
3131 287
2892 288
2998 289
2913 290
2887 291
2863 292
2823 293
3031 294
2687 295
2922 296
2862 297
2853 298
2645 299
2687 300
2757 301
2811 302
2648 303
2619 304
2621 305
2631 306
2656 307
2713 308
2555 309
2766 310
2575 311
2626 312
2965 313
2567 314
2626 315
2595 316
2598 317
2688 318
2477 319
2438 320
2398 321
2466 322
2500 323
2260 324
2507 325
2367 326
2504 327
2438 328
2411 329
2513 330
2291 331
2406 332
2334 333
2150 334
2293 335
2285 336
2443 337
2200 338
2147 339
2388 340
2271 341
2152 342
2081 343
2121 344
2159 345
2232 346
2250 347
2140 348
2177 349
2074 350
2327 351
2117 352
1996 353
2083 354
2147 355
2190 356
2093 357
2026 358
2048 359
1843 360
2031 361
2116 362
2071 363
2032 364
1870 365
1957 366
1848 367
1889 368
1885 369
1967 370
2054 371
1845 372
1851 373
1739 374
1847 375
1874 376
1742 377
1864 378
1703 379
1664 380
1749 381
1745 382
1686 383
1713 384
1791 385
1785 386
1753 387
1659 388
1610 389
1663 390
1701 391
1572 392
1624 393
1481 394
1686 395
1593 396
1514 397
1577 398
1523 399
1487 400
1456 401
1325 402
1413 403
1396 404
1476 405
1445 406
1387 407
1354 408
1410 409
1343 410
1403 411
1279 412
1428 413
1274 414
1189 415
1359 416
1212 417
1413 418
1308 419
1213 420
1247 421
1194 422
1233 423
1223 424
1248 425
1209 426
1228 427
1212 428
1027 429
1112 430
1127 431
1147 432
1178 433
1153 434
1088 435
1182 436
1028 437
1193 438
1080 439
1138 440
992 441
1095 442
1100 443
1092 444
953 445
1040 446
999 447
970 448
954 449
887 450
871 451
841 452
1029 453
888 454
936 455
858 456
863 457
849 458
903 459
843 460
813 461
836 462
906 463
820 464
860 465
809 466
810 467
833 468
786 469
755 470
807 471
822 472
760 473
780 474
740 475
793 476
687 477
795 478
713 479
707 480
748 481
690 482
740 483
648 484
643 485
709 486
698 487
714 488
714 489
643 490
657 491
600 492
689 493
605 494
683 495
634 496
658 497
633 498
610 499
626 500
70 501
10 502
9 503
8 504
7 505
4 506
10 507
2 508
8 509
11 510
7 511
4 512
5 513
8 514
8 515
6 516
5 517
5 518
5 519
7 520
2 521
3 522
5 523
1 524
3 525
7 526
4 527
4 528
2 529
2 530
2 531
4 533
1 534
2 535
2 536
1 537
1 539
1 541
1 543
