1 27
6 28
1 29
5 30
1 31
10 32
2 33
6 34
429 35
747 36
923 37
1468 38
7148 39
17623 40
12890 41
3444 42
2319 43
2904 44
3607 45
4237 46
4185 47
4743 48
9405 49
30238 50
35058 51
15738 52
6365 53
5393 54
5837 55
6523 56
6326 57
6750 58
7974 59
12632 60
19443 61
16544 62
10203 63
6742 64
6378 65
6753 66
7170 67
7292 68
7787 69
8950 70
10734 71
11764 72
9675 73
7358 74
11009 75
15263 76
7147 77
7587 78
7511 79
7913 80
8318 81
10081 82
8994 83
7734 84
7186 85
6472 86
6912 87
6471 88
6403 89
6758 90
6477 91
7782 92
7971 93
7306 94
6793 95
5963 96
6178 97
6141 98
5833 99
5612 100
5836 101
6460 102
6264 103
6062 104
5950 105
5492 106
5839 107
5586 108
5453 109
5405 110
5350 111
5447 112
5590 113
5519 114
5405 115
5460 116
5480 117
5121 118
5186 119
4675 120
5055 121
4731 122
4585 123
5045 124
4745 125
5052 126
4762 127
4606 128
4552 129
4212 130
4356 131
4174 132
4291 133
4389 134
4334 135
4329 136
4390 137
4238 138
4424 139
4152 140
3966 141
4110 142
3960 143
4250 144
4052 145
4010 146
4146 147
4014 148
3901 149
3846 150
4220 151
3739 152
3783 153
3713 154
3682 155
3839 156
3570 157
3538 158
3760 159
3627 160
3691 161
3418 162
3415 163
3573 164
3457 165
3915 166
3437 167
3495 168
3967 169
3644 170
3915 171
3290 172
3286 173
3441 174
3363 175
3454 176
3503 177
3364 178
3343 179
3587 180
3400 181
3327 182
3161 183
3172 184
3147 185
3438 186
3465 187
3155 188
3317 189
3105 190
3286 191
3238 192
3198 193
3466 194
3537 195
3595 196
3420 197
3300 198
2943 199
3399 200
3196 201
3342 202
3415 203
3121 204
3682 205
3348 206
3525 207
3616 208
3054 209
3355 210
3109 211
3435 212
3355 213
3336 214
3296 215
3143 216
3105 217
3252 218
3199 219
3104 220
2976 221
3085 222
3220 223
3249 224
3156 225
3135 226
2962 227
2786 228
2910 229
2749 230
2703 231
2907 232
3067 233
2835 234
2806 235
2732 236
2660 237
2591 238
2733 239
2659 240
2720 241
2553 242
2686 243
2630 244
2553 245
2351 246
2417 247
2356 248
2309 249
2408 250
2346 251
2408 252
2330 253
2274 254
2267 255
2169 256
2217 257
2103 258
2072 259
2286 260
2072 261
2152 262
2274 263
2087 264
2089 265
2001 266
1994 267
2040 268
1849 269
1934 270
1935 271
1934 272
1958 273
1704 274
1820 275
1909 276
1814 277
1904 278
1680 279
1665 280
1779 281
1877 282
1710 283
1952 284
1783 285
1887 286
1804 287
1636 288
1685 289
1582 290
1569 291
1735 292
1603 293
1665 294
1518 295
1603 296
1691 297
1589 298
1522 299
1513 300
1579 301
1538 302
1489 303
1449 304
1498 305
1423 306
1465 307
1458 308
1466 309
1480 310
1394 311
1399 312
1516 313
1384 314
1422 315
1433 316
1396 317
1456 318
1318 319
1385 320
1261 321
1361 322
1345 323
1276 324
1366 325
1234 326
1375 327
1316 328
1272 329
1324 330
1317 331
1261 332
1284 333
1233 334
1343 335
1290 336
1298 337
1278 338
1229 339
1228 340
1276 341
1159 342
1182 343
1168 344
1183 345
1262 346
1277 347
1207 348
1202 349
1170 350
1199 351
1159 352
1109 353
1134 354
1136 355
1167 356
1143 357
1073 358
1096 359
1100 360
1070 361
1088 362
1133 363
1116 364
1046 365
1068 366
1066 367
1011 368
978 369
1029 370
1047 371
996 372
999 373
862 374
983 375
977 376
945 377
986 378
972 379
907 380
902 381
962 382
949 383
877 384
937 385
883 386
873 387
842 388
824 389
801 390
824 391
757 392
827 393
785 394
847 395
726 396
733 397
777 398
728 399
753 400
737 401
672 402
698 403
669 404
691 405
706 406
637 407
702 408
688 409
603 410
637 411
614 412
695 413
561 414
623 415
578 416
544 417
555 418
562 419
620 420
582 421
510 422
570 423
558 424
526 425
556 426
518 427
536 428
466 429
462 430
449 431
494 432
549 433
450 434
468 435
470 436
443 437
466 438
432 439
477 440
424 441
460 442
439 443
381 444
392 445
400 446
412 447
371 448
394 449
373 450
397 451
356 452
406 453
387 454
413 455
318 456
359 457
370 458
355 459
336 460
360 461
340 462
344 463
332 464
324 465
274 466
280 467
300 468
318 469
292 470
314 471
303 472
290 473
293 474
300 475
288 476
274 477
298 478
263 479
289 480
267 481
271 482
266 483
236 484
231 485
255 486
242 487
236 488
264 489
218 490
235 491
208 492
247 493
219 494
215 495
192 496
195 497
245 498
232 499
239 500
16 501
7 502
6 503
2 504
6 505
1 506
2 507
4 508
2 509
4 510
1 511
2 512
1 513
2 515
1 516
1 517
1 518
1 519
1 520
1 521
1 523
1 525
1 526
1 527
1 528
1 531
1 535
2 536
1 541
1 546
