2 24
6 25
3 26
3 27
6 28
2 29
14 30
10 31
13 32
11 33
12 34
308 35
448 36
616 37
1161 38
8722 39
25098 40
16234 41
3736 42
1883 43
2169 44
2717 45
3365 46
3522 47
4567 48
11119 49
42559 50
49986 51
21605 52
7399 53
5658 54
6317 55
7235 56
7366 57
8420 58
10517 59
18984 60
32920 61
28252 62
15715 63
9427 64
8653 65
9190 66
10286 67
11367 68
11777 69
14417 70
19361 71
21394 72
17169 73
11706 74
16622 75
22920 76
10891 77
11633 78
11882 79
12620 80
13764 81
17534 82
15454 83
12623 84
11190 85
9778 86
10395 87
9995 88
9999 89
10593 90
10671 91
13025 92
13015 93
11837 94
10433 95
9315 96
9536 97
9474 98
8920 99
8817 100
9531 101
10207 102
10217 103
9717 104
9377 105
8434 106
9003 107
8405 108
8506 109
8380 110
8274 111
8743 112
8901 113
8451 114
8329 115
8197 116
8268 117
7868 118
7823 119
7247 120
7784 121
7461 122
7347 123
7825 124
7346 125
7671 126
7060 127
6658 128
7150 129
6492 130
6711 131
6702 132
6666 133
6722 134
6501 135
6494 136
6466 137
6180 138
6585 139
6344 140
6014 141
6205 142
6000 143
6430 144
6243 145
6137 146
6201 147
6057 148
5778 149
5490 150
5767 151
5334 152
5596 153
5393 154
5314 155
5653 156
5229 157
5250 158
5369 159
5170 160
5405 161
4834 162
4937 163
5003 164
5032 165
5453 166
4896 167
5060 168
5360 169
4896 170
5524 171
4620 172
4531 173
4945 174
4728 175
4822 176
4854 177
4772 178
4932 179
5121 180
5066 181
5010 182
4429 183
4477 184
4583 185
5025 186
4750 187
4556 188
4494 189
4343 190
4521 191
4435 192
4644 193
4728 194
5055 195
5192 196
5179 197
4862 198
4214 199
4867 200
4490 201
4992 202
4622 203
4461 204
5397 205
4990 206
5301 207
5469 208
4498 209
5001 210
4476 211
5043 212
4947 213
5117 214
4960 215
4818 216
4694 217
4806 218
4913 219
4697 220
4413 221
4806 222
4904 223
5239 224
5061 225
4730 226
4606 227
4286 228
4580 229
4133 230
4209 231
4438 232
4527 233
4278 234
4544 235
4326 236
4029 237
4042 238
4098 239
4014 240
4076 241
3865 242
4044 243
3967 244
3976 245
3640 246
3647 247
3737 248
3539 249
3702 250
3495 251
3530 252
3670 253
3671 254
3559 255
3439 256
3419 257
3532 258
3219 259
3308 260
3047 261
3114 262
3569 263
3158 264
3174 265
3209 266
3045 267
3187 268
2937 269
3056 270
2937 271
2754 272
2985 273
2747 274
2763 275
2919 276
2805 277
3171 278
2681 279
2611 280
2651 281
2870 282
2565 283
2934 284
2625 285
2805 286
2751 287
2482 288
2420 289
2329 290
2401 291
2410 292
2415 293
2504 294
2310 295
2464 296
2348 297
2405 298
2287 299
2313 300
2173 301
2241 302
2366 303
2091 304
2198 305
2142 306
2124 307
2305 308
2185 309
2294 310
2071 311
2021 312
2343 313
1967 314
2122 315
2149 316
2195 317
2056 318
1886 319
2138 320
1963 321
2012 322
2095 323
1770 324
2121 325
1946 326
2049 327
2019 328
1895 329
2079 330
1945 331
1915 332
1865 333
1726 334
1972 335
1779 336
1909 337
1796 338
1791 339
1851 340
1850 341
1758 342
1776 343
1706 344
1864 345
1862 346
1927 347
1859 348
1911 349
1829 350
1811 351
1771 352
1725 353
1741 354
1754 355
1785 356
1783 357
1675 358
1685 359
1587 360
1692 361
1771 362
1797 363
1730 364
1705 365
1709 366
1544 367
1602 368
1611 369
1655 370
1597 371
1597 372
1507 373
1487 374
1569 375
1496 376
1421 377
1536 378
1416 379
1484 380
1431 381
1479 382
1425 383
1397 384
1539 385
1416 386
1414 387
1455 388
1289 389
1377 390
1417 391
1267 392
1309 393
1237 394
1405 395
1272 396
1206 397
1238 398
1275 399
1193 400
1182 401
1079 402
1191 403
1110 404
1179 405
1141 406
1078 407
1149 408
1159 409
1082 410
1091 411
1007 412
1211 413
1021 414
993 415
1086 416
914 417
1043 418
967 419
979 420
960 421
933 422
1033 423
970 424
876 425
962 426
895 427
935 428
884 429
808 430
831 431
858 432
953 433
862 434
898 435
893 436
806 437
878 438
782 439
805 440
838 441
792 442
826 443
732 444
761 445
710 446
762 447
735 448
736 449
665 450
700 451
630 452
774 453
635 454
687 455
686 456
678 457
619 458
651 459
602 460
674 461
637 462
596 463
580 464
642 465
626 466
579 467
619 468
554 469
533 470
567 471
559 472
595 473
576 474
508 475
507 476
528 477
568 478
523 479
539 480
482 481
490 482
542 483
463 484
443 485
468 486
476 487
504 488
434 489
455 490
487 491
445 492
498 493
440 494
476 495
435 496
444 497
451 498
404 499
412 500
173 501
179 502
165 503
150 504
137 505
138 506
149 507
128 508
142 509
138 510
130 511
134 512
144 513
130 514
150 515
118 516
141 517
139 518
125 519
110 520
112 521
129 522
130 523
126 524
117 525
118 526
122 527
131 528
125 529
118 530
107 531
112 532
144 533
131 534
111 535
103 536
90 537
102 538
106 539
90 540
108 541
102 542
86 543
79 544
97 545
106 546
96 547
105 548
79 549
103 550
89 551
76 552
77 553
84 554
90 555
78 556
75 557
80 558
90 559
75 560
82 561
72 562
56 563
80 564
60 565
78 566
55 567
74 568
63 569
61 570
63 571
53 572
62 573
67 574
59 575
57 576
66 577
78 578
45 579
50 580
50 581
60 582
51 583
45 584
71 585
52 586
48 587
61 588
51 589
56 590
57 591
46 592
48 593
50 594
46 595
55 596
47 597
47 598
49 599
37 600
45 601
32 602
42 603
45 604
39 605
51 606
25 607
49 608
32 609
33 610
43 611
43 612
29 613
35 614
35 615
50 616
44 617
33 618
33 619
34 620
36 621
34 622
45 623
34 624
42 625
28 626
27 627
31 628
28 629
32 630
33 631
34 632
31 633
30 634
34 635
31 636
26 637
25 638
31 639
24 640
30 641
25 642
25 643
25 644
28 645
21 646
33 647
24 648
28 649
22 650
16 651
23 652
14 653
18 654
21 655
26 656
25 657
17 658
20 659
24 660
16 661
17 662
17 663
25 664
17 665
28 666
21 667
21 668
24 669
14 670
19 671
14 672
15 673
16 674
14 675
21 676
16 677
12 678
12 679
18 680
16 681
24 682
16 683
27 684
20 685
22 686
19 687
15 688
15 689
5 690
14 691
11 692
14 693
15 694
13 695
12 696
10 697
13 698
14 699
15 700
13 701
11 702
9 703
7 704
14 705
10 706
11 707
8 708
8 709
14 710
6 711
17 712
11 713
17 714
6 715
8 716
11 717
11 718
11 719
6 720
6 721
6 722
8 723
6 724
14 725
15 726
6 727
10 728
9 729
8 730
3 731
6 732
14 733
6 734
10 735
7 736
4 737
10 738
7 739
7 740
3 741
6 742
4 743
14 744
5 745
4 746
7 747
9 748
10 749
3 750
4 751
9 752
1 753
4 754
1 755
4 756
6 757
8 758
3 759
2 760
5 761
7 762
1 763
4 764
8 765
6 766
6 767
6 768
4 769
1 770
3 771
4 772
5 773
4 774
5 775
2 776
5 777
2 778
5 779
4 780
7 781
4 782
5 783
2 784
3 785
5 786
4 787
4 788
4 789
3 790
2 791
4 792
5 793
5 794
6 795
3 796
3 797
2 798
1 799
4 800
4 801
5 802
3 803
7 805
2 806
3 807
1 808
2 809
2 810
2 812
3 813
4 815
1 816
2 817
4 818
2 819
5 821
3 822
1 823
2 824
4 825
2 826
4 827
1 828
1 829
2 830
4 831
2 832
1 833
1 834
4 835
2 838
1 839
3 840
5 841
1 842
1 844
2 845
2 846
7 847
6 848
2 849
2 850
3 851
3 852
4 853
2 854
1 855
2 856
2 857
1 858
2 859
3 860
4 861
1 862
2 863
1 864
3 865
1 867
2 869
2 870
3 871
2 874
2 875
1 876
1 877
1 879
2 881
2 882
1 884
2 885
2 886
1 888
3 890
2 891
1 893
1 895
1 896
2 899
2 902
1 904
3 905
1 907
1 908
1 909
1 911
2 912
1 913
3 914
1 915
2 916
3 918
2 919
1 920
1 921
1 923
2 926
1 928
1 929
1 931
1 932
1 933
1 936
2 938
1 939
2 941
4 943
2 944
1 945
1 946
2 947
2 948
1 949
3 950
3 952
3 954
2 956
1 957
1 958
4 960
1 961
2 962
1 965
1 966
1 968
1 977
1 978
1 980
1 982
1 983
1 986
2 991
1 1013
1 1028
1 1061
1 1475
1 3476
