1 26
1 28
3 29
2 30
8 31
2 32
6 33
3 34
627 35
1102 36
1439 37
2146 38
8879 39
30478 40
22711 41
6219 42
4124 43
4680 44
5580 45
6630 46
6367 47
6851 48
11996 49
41417 50
53769 51
24755 52
9977 53
8109 54
8411 55
9238 56
9218 57
9004 58
9861 59
14995 60
25474 61
23235 62
14420 63
9880 64
9203 65
9388 66
10003 67
10183 68
9991 69
11349 70
14273 71
16283 72
14368 73
10923 74
14327 75
17765 76
10394 77
11092 78
10926 79
11227 80
11962 81
14140 82
13042 83
12061 84
11193 85
10299 86
10619 87
10172 88
10057 89
10145 90
10327 91
12152 92
12155 93
11674 94
10905 95
10084 96
10367 97
10064 98
9621 99
9722 100
9699 101
10613 102
10427 103
10166 104
9923 105
9324 106
9894 107
9481 108
9557 109
9420 110
9466 111
9823 112
9564 113
9369 114
9332 115
9740 116
9570 117
9238 118
9101 119
8342 120
9037 121
8493 122
8440 123
9147 124
8509 125
9075 126
8595 127
8340 128
8524 129
7822 130
8094 131
8165 132
7965 133
8170 134
7888 135
7906 136
8104 137
7542 138
8288 139
7761 140
7622 141
7737 142
7300 143
7929 144
7497 145
7626 146
7890 147
7528 148
7619 149
7153 150
7787 151
7496 152
7328 153
6834 154
6763 155
7150 156
6709 157
6653 158
6926 159
6581 160
6894 161
6401 162
6378 163
6537 164
6454 165
7002 166
6333 167
6431 168
6975 169
6487 170
7152 171
5909 172
5947 173
6305 174
6110 175
6164 176
6455 177
6122 178
6231 179
6551 180
6318 181
6205 182
5760 183
5815 184
5818 185
6405 186
6032 187
5725 188
6040 189
5727 190
5763 191
5790 192
5999 193
6212 194
6383 195
6413 196
6258 197
6172 198
5504 199
6068 200
5780 201
6083 202
5724 203
5630 204
6365 205
5931 206
6230 207
6330 208
5552 209
6061 210
5376 211
6111 212
5871 213
5979 214
5917 215
5618 216
5582 217
5673 218
5872 219
5577 220
5393 221
5524 222
5764 223
5806 224
5591 225
5575 226
5535 227
4930 228
5419 229
5009 230
5066 231
5363 232
5240 233
4978 234
5292 235
4966 236
4862 237
4707 238
5106 239
4848 240
5088 241
4555 242
4771 243
5009 244
4652 245
4593 246
4446 247
4511 248
4417 249
4588 250
4415 251
4298 252
4444 253
4283 254
4435 255
4099 256
4297 257
4054 258
4151 259
4166 260
3962 261
4073 262
4363 263
3823 264
3974 265
3947 266
3956 267
3869 268
3622 269
3743 270
3641 271
3720 272
3929 273
3483 274
3584 275
3718 276
3567 277
3692 278
3478 279
3290 280
3391 281
3656 282
3370 283
3849 284
3252 285
3715 286
3394 287
3137 288
3154 289
2962 290
3117 291
3252 292
3157 293
3238 294
2901 295
3057 296
3073 297
2885 298
2744 299
2833 300
2981 301
2874 302
2955 303
2820 304
2871 305
2796 306
2699 307
2893 308
2775 309
2868 310
2745 311
2736 312
3025 313
2581 314
2836 315
2737 316
2516 317
2662 318
2562 319
2566 320
2488 321
2673 322
2666 323
2435 324
2515 325
2303 326
2618 327
2603 328
2497 329
2587 330
2430 331
2407 332
2442 333
2265 334
2457 335
2465 336
2531 337
2422 338
2152 339
2321 340
2288 341
2205 342
2099 343
2160 344
2309 345
2263 346
2297 347
2235 348
2222 349
2095 350
2234 351
2116 352
2114 353
2031 354
2107 355
2173 356
2041 357
2063 358
2059 359
1973 360
2082 361
2061 362
2011 363
1987 364
1861 365
1950 366
1958 367
1902 368
1898 369
1892 370
1963 371
1872 372
1920 373
1741 374
1735 375
1868 376
1794 377
1874 378
1764 379
1744 380
1676 381
1735 382
1717 383
1574 384
1784 385
1615 386
1700 387
1620 388
1628 389
1640 390
1574 391
1534 392
1526 393
1469 394
1557 395
1499 396
1466 397
1367 398
1423 399
1370 400
1429 401
1281 402
1386 403
1315 404
1390 405
1440 406
1269 407
1390 408
1294 409
1229 410
1378 411
1222 412
1400 413
1165 414
1173 415
1227 416
1093 417
1179 418
1144 419
1108 420
1256 421
1108 422
1155 423
1149 424
1045 425
1064 426
1095 427
1090 428
961 429
971 430
985 431
1021 432
1003 433
946 434
944 435
1035 436
947 437
966 438
927 439
990 440
949 441
975 442
1001 443
909 444
889 445
843 446
850 447
913 448
829 449
768 450
889 451
753 452
868 453
803 454
772 455
762 456
748 457
759 458
768 459
712 460
723 461
709 462
761 463
693 464
720 465
641 466
690 467
733 468
683 469
598 470
667 471
653 472
647 473
640 474
607 475
682 476
610 477
731 478
573 479
604 480
608 481
568 482
583 483
521 484
519 485
551 486
569 487
571 488
536 489
521 490
506 491
481 492
558 493
504 494
501 495
496 496
436 497
478 498
467 499
421 500
196 501
170 502
173 503
147 504
176 505
146 506
140 507
150 508
170 509
155 510
145 511
166 512
173 513
147 514
157 515
128 516
143 517
143 518
137 519
158 520
138 521
128 522
138 523
138 524
120 525
128 526
127 527
119 528
109 529
126 530
134 531
105 532
124 533
121 534
122 535
101 536
104 537
133 538
96 539
119 540
94 541
86 542
93 543
112 544
109 545
98 546
88 547
83 548
95 549
93 550
85 551
81 552
91 553
89 554
78 555
71 556
99 557
87 558
71 559
70 560
90 561
88 562
82 563
59 564
64 565
72 566
70 567
59 568
68 569
51 570
54 571
51 572
46 573
57 574
63 575
62 576
75 577
56 578
64 579
52 580
58 581
46 582
60 583
62 584
49 585
51 586
55 587
58 588
41 589
55 590
58 591
41 592
53 593
51 594
60 595
40 596
39 597
45 598
46 599
44 600
49 601
46 602
35 603
47 604
33 605
44 606
36 607
50 608
38 609
48 610
43 611
39 612
34 613
37 614
27 615
30 616
26 617
34 618
29 619
27 620
38 621
39 622
31 623
29 624
34 625
21 626
21 627
21 628
23 629
37 630
20 631
23 632
17 633
23 634
28 635
31 636
34 637
27 638
19 639
23 640
23 641
21 642
11 643
29 644
25 645
23 646
20 647
16 648
17 649
28 650
16 651
11 652
22 653
20 654
13 655
17 656
15 657
15 658
20 659
12 660
18 661
11 662
14 663
15 664
20 665
13 666
11 667
17 668
10 669
17 670
12 671
22 672
8 673
21 674
8 675
16 676
9 677
19 678
19 679
16 680
14 681
11 682
9 683
9 684
10 685
7 686
7 687
11 688
7 689
8 690
3 691
15 692
8 693
5 694
13 695
4 696
10 697
9 698
7 699
7 700
4 701
5 702
11 703
10 704
5 705
6 706
12 707
3 708
6 709
6 710
4 711
7 712
4 713
6 714
2 715
7 716
9 717
4 718
4 719
7 720
2 721
2 722
5 723
9 724
3 725
5 726
3 727
4 728
10 729
4 730
3 731
2 732
6 733
6 734
2 735
2 736
5 737
5 738
4 739
3 740
1 741
3 742
3 743
5 744
2 745
4 746
2 747
2 748
3 749
3 750
4 751
4 752
2 753
1 755
3 756
5 757
2 758
2 759
4 760
1 761
2 762
1 763
2 764
2 766
1 767
2 769
1 770
3 771
3 773
3 774
2 775
1 777
3 778
2 779
3 780
1 781
5 783
2 784
1 785
4 788
2 789
2 790
1 793
1 794
2 797
2 798
4 800
2 801
1 802
1 804
1 807
1 811
2 816
1 820
1 821
2 827
1 828
1 832
2 834
1 837
1 838
2 841
1 845
1 846
1 852
2 853
1 855
2 858
1 861
1 869
1 883
1 888
1 889
1 890
1 892
1 894
1 923
1 4933
