1 22
1 25
2 26
2 27
3 28
3 29
4 30
10 31
3 32
4 33
4 34
736 35
1412 36
1574 37
2883 38
23830 39
68935 40
40820 41
8035 42
3499 43
3572 44
4338 45
5175 46
5097 47
6014 48
13698 49
55834 50
62871 51
24868 52
8159 53
5967 54
6157 55
6992 56
7190 57
7791 58
9389 59
17084 60
30473 61
25486 62
13880 63
8066 64
7087 65
7655 66
8478 67
9013 68
9674 69
11581 70
15705 71
18138 72
14228 73
9749 74
13195 75
17957 76
8624 77
9295 78
9755 79
10443 80
11688 81
14292 82
13166 83
10857 84
9192 85
8114 86
8351 87
8048 88
8349 89
8886 90
9013 91
10819 92
10977 93
10049 94
8934 95
7805 96
7752 97
7930 98
7627 99
7627 100
8132 101
8811 102
8922 103
8476 104
8011 105
7224 106
7502 107
7101 108
7078 109
7232 110
7557 111
7839 112
7490 113
7507 114
7258 115
7104 116
7098 117
6645 118
6643 119
6360 120
6717 121
6393 122
6478 123
6834 124
6291 125
6626 126
6060 127
5762 128
6134 129
5701 130
5673 131
5705 132
5896 133
5754 134
5673 135
5612 136
5449 137
5329 138
5580 139
5286 140
5068 141
5307 142
5204 143
5562 144
5300 145
5366 146
5375 147
5139 148
4939 149
4685 150
5057 151
4567 152
4746 153
4615 154
4597 155
4712 156
4458 157
4369 158
4453 159
4230 160
4379 161
4161 162
4189 163
4360 164
4345 165
4445 166
4053 167
4125 168
4410 169
4100 170
4594 171
3862 172
3827 173
4171 174
4024 175
4188 176
4205 177
3840 178
3878 179
4047 180
4143 181
4087 182
3759 183
3736 184
3738 185
4065 186
3919 187
3497 188
3578 189
3453 190
3584 191
3668 192
3656 193
3882 194
4049 195
4087 196
3912 197
3674 198
3353 199
3758 200
3650 201
3872 202
3808 203
3669 204
4217 205
3808 206
4031 207
4185 208
3337 209
3809 210
3500 211
3999 212
3803 213
3787 214
3805 215
3433 216
3549 217
3574 218
3582 219
3578 220
3445 221
3545 222
3663 223
3761 224
3690 225
3556 226
3373 227
3121 228
3245 229
3058 230
3109 231
3396 232
3295 233
3205 234
3267 235
3212 236
2900 237
2970 238
3050 239
2832 240
2946 241
2836 242
3062 243
3042 244
2949 245
2683 246
2683 247
2643 248
2599 249
2707 250
2493 251
2527 252
2627 253
2533 254
2582 255
2341 256
2467 257
2387 258
2348 259
2464 260
2179 261
2310 262
2433 263
2238 264
2288 265
2294 266
2215 267
2289 268
2059 269
2064 270
2089 271
2094 272
2234 273
1997 274
2037 275
2088 276
1907 277
2172 278
1926 279
1813 280
1891 281
2000 282
1940 283
2095 284
1839 285
1997 286
1874 287
1734 288
1811 289
1665 290
1705 291
1669 292
1660 293
1758 294
1624 295
1752 296
1707 297
1697 298
1563 299
1594 300
1624 301
1661 302
1576 303
1460 304
1654 305
1525 306
1485 307
1524 308
1547 309
1607 310
1492 311
1432 312
1631 313
1428 314
1458 315
1561 316
1373 317
1504 318
1367 319
1444 320
1384 321
1398 322
1403 323
1289 324
1477 325
1320 326
1482 327
1347 328
1319 329
1401 330
1287 331
1362 332
1343 333
1211 334
1303 335
1292 336
1376 337
1353 338
1238 339
1284 340
1195 341
1214 342
1162 343
1213 344
1265 345
1246 346
1315 347
1176 348
1275 349
1203 350
1341 351
1186 352
1140 353
1115 354
1222 355
1226 356
1199 357
1160 358
1197 359
1117 360
1163 361
1158 362
1111 363
1104 364
1071 365
1103 366
1056 367
1063 368
1111 369
1120 370
1166 371
1086 372
1059 373
979 374
1005 375
972 376
967 377
1059 378
969 379
1035 380
965 381
958 382
981 383
930 384
995 385
976 386
957 387
909 388
869 389
836 390
879 391
866 392
868 393
803 394
899 395
849 396
831 397
819 398
763 399
787 400
775 401
699 402
734 403
764 404
745 405
768 406
735 407
749 408
785 409
727 410
762 411
655 412
753 413
647 414
644 415
691 416
559 417
654 418
583 419
616 420
607 421
602 422
645 423
631 424
598 425
588 426
562 427
604 428
543 429
546 430
488 431
558 432
543 433
542 434
495 435
525 436
511 437
523 438
534 439
487 440
509 441
512 442
528 443
509 444
440 445
473 446
480 447
442 448
429 449
466 450
448 451
457 452
449 453
427 454
424 455
406 456
381 457
411 458
437 459
373 460
408 461
367 462
413 463
409 464
377 465
336 466
358 467
370 468
359 469
358 470
372 471
372 472
388 473
316 474
310 475
329 476
338 477
367 478
309 479
319 480
314 481
314 482
322 483
312 484
274 485
298 486
270 487
295 488
316 489
275 490
258 491
256 492
270 493
264 494
251 495
245 496
237 497
255 498
251 499
246 500
121 501
87 502
115 503
75 504
99 505
92 506
94 507
100 508
75 509
94 510
100 511
89 512
93 513
89 514
79 515
78 516
82 517
95 518
88 519
87 520
96 521
74 522
68 523
73 524
79 525
72 526
67 527
61 528
59 529
79 530
69 531
67 532
73 533
80 534
71 535
69 536
58 537
58 538
49 539
62 540
58 541
40 542
65 543
60 544
62 545
67 546
60 547
50 548
49 549
47 550
50 551
47 552
56 553
47 554
52 555
51 556
43 557
57 558
30 559
53 560
52 561
42 562
42 563
45 564
42 565
45 566
51 567
38 568
36 569
35 570
23 571
31 572
39 573
29 574
45 575
42 576
43 577
29 578
46 579
33 580
39 581
35 582
37 583
36 584
32 585
38 586
30 587
22 588
34 589
39 590
23 591
23 592
29 593
26 594
23 595
22 596
33 597
33 598
27 599
25 600
24 601
41 602
22 603
27 604
22 605
25 606
29 607
24 608
20 609
22 610
21 611
26 612
24 613
28 614
18 615
18 616
16 617
15 618
28 619
25 620
19 621
12 622
15 623
16 624
25 625
10 626
14 627
12 628
18 629
20 630
15 631
16 632
14 633
16 634
14 635
15 636
12 637
10 638
18 639
16 640
15 641
11 642
15 643
13 644
11 645
7 646
14 647
15 648
14 649
12 650
13 651
7 652
8 653
8 654
13 655
11 656
17 657
6 658
8 659
17 660
13 661
13 662
12 663
9 664
9 665
17 666
13 667
12 668
7 669
11 670
7 671
7 672
9 673
10 674
11 675
6 676
4 677
5 678
8 679
6 680
8 681
6 682
3 683
5 684
7 685
6 686
10 687
4 688
4 689
5 690
7 691
6 692
5 693
6 694
7 695
7 696
9 697
6 698
4 699
4 700
6 701
5 702
5 703
3 704
2 705
6 706
9 707
1 708
7 709
4 710
6 711
8 712
5 713
4 714
6 715
7 716
5 717
4 718
5 719
3 720
7 721
6 722
6 723
7 724
7 725
4 726
3 727
1 728
9 729
4 730
4 732
1 733
4 734
4 735
1 736
3 737
2 738
4 739
7 740
1 741
4 742
2 743
5 746
4 747
1 748
3 750
3 751
3 752
2 753
2 755
3 756
5 757
3 759
2 760
4 761
2 762
4 763
2 764
2 765
2 767
1 768
4 770
1 771
4 772
3 775
1 776
3 777
2 778
3 780
1 783
4 784
1 785
1 786
2 787
1 788
2 789
3 790
1 791
1 794
1 795
4 796
1 797
1 800
2 802
2 804
1 805
1 806
1 807
1 808
1 810
3 811
2 812
1 814
2 817
1 819
2 821
1 825
1 827
3 829
1 830
1 832
3 834
1 836
1 839
2 841
1 842
2 844
2 849
1 852
1 853
1 855
1 856
1 859
1 861
1 874
1 882
1 884
1 886
1 889
1 900
1 915
1 922
1 931
2 941
1 949
1 957
1 1208
1 1217
1 1255
1 1458
1 2508
1 2510
1 2534
1 2536
1 2571
1 2578
1 2581
1 2605
1 2608
1 2625
1 2633
1 2635
1 2642
1 265377
